320	1.54647	3.66561e-06	0.786204	0.533349
325	1.54509	1.48609e-06	0.571	0.636
330	1.54379	8.19663e-07	0.387667	0.783333
335	1.54253	4.87187e-07	0.295	0.982889
340	1.54137	2.21775e-07	0.25766	1.12766
345	1.54023	5.77932e-08	0.236224	1.25224
350	1.53917	-2.97263e-08	0.221429	1.35429
355	1.53815	-7.14732e-08	0.207248	1.45295
360	1.5372	-9.78667e-08	0.196295	1.5339
365	1.5363	-1.08253e-07	0.186382	1.61164
370	1.53553	-1.81851e-07	0.192745	1.63891
375	1.53477	-2.47582e-07	0.199109	1.66618
380	1.53401	-2.38105e-07	0.197085	1.72102
385	1.53325	-2.4e-07	0.193695	1.78034
390	1.53248	-2.31749e-07	0.1882	1.838
395	1.53172	-2.16778e-07	0.1806	1.894
400	1.53096	-1.92104e-07	0.173	1.95
405	1.53021	-1.86926e-07	0.173	2.01015
410	1.52964	-1.8396e-07	0.173	2.0703
415	1.52906	-1.74003e-07	0.171444	2.12796
420	1.52849	-1.499e-07	0.166866	2.18077
425	1.52792	-1.34109e-07	0.162289	2.23359
430	1.52735	-1.23845e-07	0.15951	2.28288
435	1.52678	-1.16712e-07	0.158529	2.32863
440	1.52627	-1.11074e-07	0.157549	2.37438
445	1.5258	-1.02986e-07	0.155256	2.42146
450	1.52534	-8.4597e-08	0.151293	2.47024
455	1.52489	-7.88688e-08	0.147329	2.51902
460	1.52444	-6.26644e-08	0.143458	2.56723
465	1.52402	-5.22232e-08	0.140068	2.61243
470	1.52361	-4.48525e-08	0.136678	2.65763
475	1.52321	-3.51088e-08	0.133288	2.70282
480	1.52283	-3e-08	0.131674	2.74611
485	1.52246	-3.14926e-08	0.131147	2.78821
490	1.5221	-2.80557e-08	0.130621	2.83032
495	1.52175	-2.6621e-08	0.130095	2.87242
500	1.52141	-2.32926e-08	0.13	2.91763
505	1.52109	-1.96592e-08	0.13	2.96353
510	1.52077	-2.20848e-08	0.13	3.00942
515	1.52046	-2.23902e-08	0.13	3.05531
520	1.52017	-1.66045e-08	0.129849	3.0972
525	1.51988	-1.44328e-08	0.129627	3.1372
530	1.51959	-1.60324e-08	0.129404	3.1772
535	1.51931	-1.11298e-08	0.129182	3.2172
540	1.51904	-9.23263e-09	0.128669	3.25735
545	1.51878	-4.26331e-09	0.126833	3.29816
550	1.51854	3.34933e-09	0.124996	3.33898
555	1.51831	9.145e-09	0.123159	3.3798
560	1.51808	1.46934e-08	0.121322	3.42061
565	1.51785	2.19989e-08	0.120052	3.46097
570	1.51761	3e-08	0.120239	3.50015
575	1.51738	2.96263e-08	0.120425	3.53933
580	1.51715	2.87657e-08	0.120612	3.57851
585	1.51692	3.43097e-08	0.120799	3.61769
590	1.5167	3.80523e-08	0.120985	3.65687
595	1.51652	3.67628e-08	0.122559	3.69431
600	1.51633	3.62533e-08	0.124254	3.73159
605	1.51614	3.73132e-08	0.125949	3.76888
610	1.51595	3.68542e-08	0.127644	3.80617
615	1.51576	3.7794e-08	0.129339	3.84346
620	1.51557	3.93141e-08	0.131028	3.88083
625	1.51538	4e-08	0.132404	3.92211
630	1.5152	4.3032e-08	0.13378	3.96339
635	1.51502	4.36286e-08	0.135156	4.00468
640	1.51485	4.79929e-08	0.136532	4.04596
645	1.51468	4.86574e-08	0.137908	4.08725
650	1.51452	4.86646e-08	0.139284	4.12853
655	1.51436	5.19179e-08	0.14	4.16923
660	1.51421	5.79723e-08	0.14	4.20928
665	1.51407	6.09616e-08	0.14	4.24934
670	1.51392	6.5295e-08	0.14	4.28939
675	1.51378	6.79706e-08	0.14	4.32945
680	1.51363	7.35195e-08	0.14	4.3695
685	1.51349	7.62626e-08	0.14	4.40956
690	1.51334	8.20976e-08	0.140237	4.44889
695	1.5132	8.86209e-08	0.141225	4.48593
700	1.51309	8.62187e-08	0.142212	4.52296
705	1.51297	9.10309e-08	0.1432	4.56
710	1.51285	9.54742e-08	0.144188	4.59704
715	1.51273	9.97498e-08	0.145175	4.63407
720	1.51261	9.82024e-08	0.146163	4.67111
725	1.5125	1e-07	0.147151	4.70815
730	1.51238	1.04364e-07	0.147923	4.74537
735	1.51226	1.14581e-07	0.147375	4.78375
740	1.51214	1.23345e-07	0.146827	4.82213
745	1.51203	1.31387e-07	0.146279	4.8605
750	1.51191	1.32487e-07	0.14573	4.89888
755	1.51179	1.34497e-07	0.145182	4.93726
760	1.51167	1.41463e-07	0.144634	4.97564
765	1.51155	1.53809e-07	0.144086	5.01401
770	1.51144	1.59684e-07	0.143537	5.05239
775	1.51132	1.61961e-07	0.143004	5.09079
780	1.5112	1.74224e-07	0.143197	5.13044
785	1.51108	1.8e-07	0.143391	5.1701
790	1.51098	1.85792e-07	0.143584	5.20975
795	1.51088	1.89349e-07	0.143778	5.2494
800	1.51078	1.9641e-07	0.143971	5.28905
805	1.51069	1.98233e-07	0.144164	5.3287
810	1.51059	2.07538e-07	0.144358	5.36836
815	1.51049	2.1e-07	0.144551	5.40801
820	1.51039	2.17436e-07	0.144745	5.44766
825	1.5103	2.29517e-07	0.144938	5.48731
830	1.51021	2.25638e-07	0.146037	5.52593
835	1.51012	2.32722e-07	0.147563	5.56407
840	1.51003	2.29542e-07	0.149088	5.6022
845	1.50994	2.31613e-07	0.150614	5.64034
850	1.50985	2.39108e-07	0.152139	5.67847
855	1.50976	2.44548e-07	0.153664	5.71661
860	1.50968	2.51489e-07	0.15519	5.75475
865	1.50959	2.5636e-07	0.156715	5.79288
870	1.50951	2.57442e-07	0.158241	5.83102
875	1.50943	2.58814e-07	0.159766	5.86915
880	1.50934	2.65624e-07	0.161292	5.90729
885	1.50926	2.69464e-07	0.162817	5.94542
890	1.50917	2.71232e-07	0.165261	5.98101
895	1.50909	2.75297e-07	0.167831	6.01626
900	1.50901	2.75662e-07	0.170401	6.0515
905	1.50893	2.76243e-07	0.172971	6.08674
910	1.50885	2.72603e-07	0.17554	6.12198
915	1.50878	2.78046e-07	0.17811	6.15722
920	1.5087	2.78903e-07	0.18068	6.19247
925	1.50863	2.81567e-07	0.18325	6.22771
930	1.50855	2.83602e-07	0.185819	6.26295
935	1.50848	2.8635e-07	0.188389	6.29819
940	1.50841	2.85482e-07	0.190959	6.33344
945	1.50833	2.9e-07	0.193529	6.36868
950	1.50826	2.91061e-07	0.196098	6.40392
955	1.50818	2.9e-07	0.198459	6.43918
960	1.50811	2.92146e-07	0.200224	6.47449
965	1.50804	2.92921e-07	0.20199	6.5098
970	1.50796	2.96269e-07	0.203755	6.54511
975	1.50789	3e-07	0.205521	6.58042
980	1.50781	3.02547e-07	0.207286	6.61573
985	1.50774	3.06145e-07	0.209052	6.65103
990	1.50767	3.05659e-07	0.210817	6.68634
995	1.50759	3.06999e-07	0.212583	6.72165
1000	1.50752	3.15886e-07	0.214348	6.75696
1005	1.50744	3.11836e-07	0.216113	6.79227
1010	1.50737	3.15106e-07	0.217879	6.82758
1015	1.5073	3.2e-07	0.219644	6.86289
1020	1.50723	3.23377e-07	0.22141	6.8982
1025	1.50716	3.21741e-07	0.223175	6.93351
1030	1.50709	3.18205e-07	0.224941	6.96881
1035	1.50703	3.18266e-07	0.226532	7.00447
1040	1.50696	3.20941e-07	0.227862	7.04064
1045	1.50689	3.2e-07	0.229191	7.07681
1050	1.50682	3.21023e-07	0.230521	7.11298
1055	1.50676	3.19462e-07	0.231851	7.14915
1060	1.50669	3.2e-07	0.233181	7.18532
1065	1.50663	3.24281e-07	0.234511	7.22149
1070	1.50657	3.26339e-07	0.23584	7.25766
1075	1.5065	3.28006e-07	0.23717	7.29383
1080	1.50644	3.31572e-07	0.2385	7.33
1085	1.50638	3.31041e-07	0.23983	7.36617
1090	1.50632	3.30918e-07	0.24116	7.40234
1095	1.50626	3.29185e-07	0.242489	7.43851
1100	1.50619	3.36605e-07	0.243819	7.47468
1105	1.50613	3.34146e-07	0.245149	7.51085
1110	1.50607	3.38003e-07	0.246479	7.54702
1115	1.50601	3.38244e-07	0.247809	7.58319
1120	1.50595	3.40975e-07	0.249138	7.61936
1125	1.50588	3.47307e-07	0.250468	7.65553
1130	1.50582	3.43441e-07	0.253071	7.69177
1135	1.50576	3.42626e-07	0.256522	7.72805
1140	1.5057	3.46682e-07	0.259973	7.76434
1145	1.50563	3.43587e-07	0.263425	7.80062
1150	1.50557	3.45869e-07	0.266876	7.8369
1155	1.50551	3.44144e-07	0.270327	7.87319
1160	1.50545	3.41958e-07	0.273779	7.90947
1165	1.50539	3.42423e-07	0.27723	7.94575
1170	1.50532	3.38785e-07	0.280681	7.98204
1175	1.50526	3.41203e-07	0.284133	8.01832
1180	1.5052	3.38329e-07	0.287584	8.0546
1185	1.50514	3.43904e-07	0.291035	8.09088
1190	1.50508	3.39332e-07	0.294487	8.12717
1195	1.50501	3.38736e-07	0.297938	8.16345
1200	1.50495	3.37245e-07	0.301389	8.19973
1205	1.50489	3.38168e-07	0.304841	8.23602
1210	1.50483	3.37908e-07	0.308292	8.2723
1215	1.50477	3.37155e-07	0.311743	8.30858
1220	1.5047	3.34885e-07	0.315195	8.34487
1225	1.50464	3.33449e-07	0.318646	8.38115
1230	1.50458	3.3e-07	0.322097	8.41743
1235	1.50452	3.33423e-07	0.325549	8.45372
1240	1.50446	3.32275e-07	0.329	8.49
1245	1.50439	3.13076e-07	0.3382	8.348
1250	1.50433	2.92164e-07	0.3474	8.206
1255	1.50427	2.67834e-07	0.3566	8.064
1260	1.50421	2.37452e-07	0.3658	7.922
1265	1.50414	2.13539e-07	0.375	7.78
1270	1.50408	2.16416e-07	0.376538	7.80692
1275	1.50402	2.15082e-07	0.378077	7.83385
1280	1.50396	2.17482e-07	0.379615	7.86077
1285	1.5039	2.16879e-07	0.381154	7.88769
1290	1.50383	2.16087e-07	0.382692	7.91462
1295	1.50377	2.39677e-07	0.384429	8.21429
1300	1.50371	2.74484e-07	0.386214	8.58214
1305	1.50365	3.01846e-07	0.388	8.95
1310	1.50359	2.71593e-07	0.389429	8.63214
1315	1.50353	2.43596e-07	0.390857	8.31429
1320	1.50347	2.09811e-07	0.39231	8.06517
1325	1.50341	2.09345e-07	0.393862	8.09103
1330	1.50335	2.1e-07	0.395414	8.1169
1335	1.50329	2.1e-07	0.396966	8.14276
1340	1.50323	2.0678e-07	0.398517	8.16862
1345	1.50317	2.06345e-07	0.400069	8.19448
1350	1.50311	2.05639e-07	0.401667	8.22067
1355	1.50305	2.0886e-07	0.403333	8.24733
1360	1.50299	2.07377e-07	0.405	8.274
1365	1.50293	2.16099e-07	0.406667	8.30067
1370	1.50287	2.11609e-07	0.408333	8.32733
1375	1.50281	2.05017e-07	0.41	8.354
1380	1.50275	2.06379e-07	0.411645	8.37
1385	1.50269	2.09317e-07	0.413258	8.37
1390	1.50263	2.15618e-07	0.414871	8.37
1395	1.50257	2.1e-07	0.416484	8.37
1400	1.50251	2.19576e-07	0.418097	8.37
1405	1.50244	2.19483e-07	0.41971	8.37
1410	1.50238	2.21272e-07	0.421303	8.38
1415	1.50232	2.22006e-07	0.422818	8.43
1420	1.50226	2.28453e-07	0.424333	8.48
1425	1.5022	2.22189e-07	0.425848	8.53
1430	1.50214	2.2e-07	0.427364	8.58
1435	1.50208	2.18632e-07	0.428879	8.63
1440	1.50202	2.1742e-07	0.430394	8.68
1445	1.50196	2.07169e-07	0.431971	8.71588
1450	1.5019	2.01461e-07	0.433588	8.74235
1455	1.50184	2.05362e-07	0.435206	8.76882
1460	1.50178	1.96006e-07	0.436824	8.79529
1465	1.50172	1.95179e-07	0.438441	8.82176
1470	1.50166	1.89161e-07	0.440059	8.84824
1475	1.5016	1.88787e-07	0.441676	8.87471
1480	1.50154	1.84053e-07	0.443444	8.90222
1485	1.50148	1.81505e-07	0.44525	8.93
1490	1.50142	1.78112e-07	0.447056	8.95778
1495	1.50136	1.77538e-07	0.448861	8.98556
1500	1.5013	1.68978e-07	0.450667	9.01333
1505	1.50124	1.74269e-07	0.452472	9.04111
1510	1.50118	1.71e-07	0.454278	9.06889
1515	1.50111	1.65054e-07	0.456105	9.09895
1520	1.50105	1.67353e-07	0.457947	9.13053
1525	1.50099	1.72036e-07	0.459789	9.16211
1530	1.50093	1.72011e-07	0.461632	9.19368
1535	1.50087	1.67651e-07	0.463474	9.22526
1540	1.5008	1.67178e-07	0.465316	9.25684
1545	1.50074	1.68748e-07	0.467158	9.28842
1550	1.50068	1.67796e-07	0.469	9.32
1555	1.50061	1.73048e-07	0.471	9.35125
1560	1.50054	1.7e-07	0.473	9.3825
1565	1.50048	1.74574e-07	0.475	9.41375
1570	1.50041	1.77075e-07	0.477	9.445
1575	1.50034	1.82736e-07	0.479	9.47625
1580	1.50027	1.82538e-07	0.481	9.5075
1585	1.50021	1.80931e-07	0.483	9.53875
1590	1.50014	1.91408e-07	0.485	9.57
1595	1.50007	1.9e-07	0.486951	9.60293
1600	1.5	1.9e-07	0.488902	9.63585
1605	1.49994	1.94872e-07	0.490854	9.66878
1610	1.49987	1.97877e-07	0.492805	9.70171
1615	1.4998	2.0111e-07	0.494756	9.73463
1620	1.49973	2e-07	0.496707	9.76756
1625	1.49967	1.95175e-07	0.498659	9.80049
1630	1.4996	2.01351e-07	0.50061	9.83341
1635	1.49953	2.00918e-07	0.502636	9.86364
1640	1.49946	2.04366e-07	0.504682	9.89318
1645	1.4994	2.04232e-07	0.506727	9.92273
1650	1.49933	2.07764e-07	0.508773	9.95227
1655	1.49926	2.11308e-07	0.510818	9.98182
1660	1.49919	2.18366e-07	0.512864	10.0114
1665	1.49913	2.2094e-07	0.514909	10.0409
1670	1.49906	2.17766e-07	0.516955	10.0705
1675	1.49899	2.17913e-07	0.519	10.1
1680	1.49892	2.26865e-07	0.520915	10.1319
1685	1.49885	2.33999e-07	0.52283	10.1638
1690	1.49879	2.25146e-07	0.524745	10.1957
1695	1.49872	2.31364e-07	0.52666	10.2277
1700	1.49865	2.3623e-07	0.528574	10.2596
1705	1.49858	2.44355e-07	0.530489	10.2915
1710	1.49852	2.48277e-07	0.532404	10.3234
1715	1.49845	2.59062e-07	0.534319	10.3553
1720	1.49838	2.58034e-07	0.536234	10.3872
1725	1.49831	2.67704e-07	0.538224	10.4184
1730	1.49825	2.67547e-07	0.540265	10.449
1735	1.49818	2.82398e-07	0.542306	10.4796
1740	1.49811	2.85545e-07	0.544347	10.5102
1745	1.49804	2.9e-07	0.546388	10.5408
1750	1.49798	2.91792e-07	0.548429	10.5714
1755	1.49791	2.99174e-07	0.550469	10.602
1760	1.49784	3.05706e-07	0.55251	10.6327
1765	1.49777	3.11808e-07	0.554551	10.6633
1770	1.49771	3.17965e-07	0.556592	10.6939
1775	1.49764	3.2515e-07	0.558615	10.7308
1780	1.49757	3.28765e-07	0.560635	10.7692
1785	1.4975	3.38685e-07	0.562654	10.8077
1790	1.49744	3.37354e-07	0.564673	10.8462
1795	1.49737	3.49172e-07	0.566692	10.8846
1800	1.4973	3.56105e-07	0.568712	10.9231
1805	1.49723	3.67277e-07	0.570731	10.9615
1810	1.49716	3.66045e-07	0.57275	11
1815	1.4971	3.7e-07	0.574769	11.0385
1820	1.49703	3.76004e-07	0.576788	11.0769
1825	1.49696	3.76986e-07	0.578786	11.1107
1830	1.49689	3.81074e-07	0.58075	11.1375
1835	1.49683	3.90944e-07	0.582714	11.1643
1840	1.49676	3.9e-07	0.584679	11.1911
1845	1.49669	4.04857e-07	0.586643	11.2179
1850	1.49662	4.05989e-07	0.588607	11.2446
1855	1.49656	4.16032e-07	0.590571	11.2714
1860	1.49649	4.21386e-07	0.592536	11.2982
1865	1.49642	4.29257e-07	0.5945	11.325
1870	1.49635	4.3182e-07	0.596464	11.3518
1875	1.49629	4.34755e-07	0.598429	11.3786
1880	1.49622	4.47959e-07	0.600414	11.4069
1885	1.49615	4.5e-07	0.602483	11.4414
1890	1.49608	4.46925e-07	0.604552	11.4759
1895	1.49602	4.52664e-07	0.606621	11.5103
1900	1.49595	4.66511e-07	0.60869	11.5448
1905	1.49588	4.7e-07	0.610759	11.5793
1910	1.49581	4.76132e-07	0.612828	11.6138
1915	1.49574	4.79325e-07	0.614897	11.6483
1920	1.49568	4.93703e-07	0.616966	11.6828
1925	1.49561	5.03438e-07	0.619034	11.7172
1930	1.49554	5.25311e-07	0.621103	11.7517
1935	1.49547	5.27817e-07	0.623172	11.7862
1940	1.49541	5.37703e-07	0.625238	11.819
1945	1.49534	5.3697e-07	0.627302	11.8508
1950	1.49527	5.42776e-07	0.629365	11.8825
1955	1.4952	5.4812e-07	0.631429	11.9143
1960	1.49514	5.53225e-07	0.633492	11.946
1965	1.49507	5.63483e-07	0.635556	11.9778
1970	1.495	5.71605e-07	0.637619	12.0095
1975	1.49492	5.74594e-07	0.639683	12.0413
1980	1.49484	5.79036e-07	0.641746	12.073
1985	1.49476	5.88812e-07	0.64381	12.1048
1990	1.49468	5.95391e-07	0.645873	12.1365
1995	1.4946	5.9682e-07	0.647937	12.1683
2000	1.49452	6.03391e-07	0.65	12.2
2005	1.49444	6.03177e-07	0.651364	12.2303
2010	1.49436	6.06733e-07	0.652727	12.2606
2015	1.49428	6.11087e-07	0.654091	12.2909
2020	1.4942	6.23323e-07	0.655455	12.3212
2025	1.49412	6.3e-07	0.656818	12.3515
2030	1.49404	6.36851e-07	0.658182	12.3818
2035	1.49396	6.43006e-07	0.659545	12.4121
2040	1.49388	6.48557e-07	0.660909	12.4424
2045	1.4938	6.53184e-07	0.662273	12.4727
2050	1.49372	6.63426e-07	0.663636	12.503
2055	1.49364	6.58187e-07	0.665	12.5333
2060	1.49356	6.75086e-07	0.666364	12.5636
2065	1.49347	6.8e-07	0.667727	12.5939
2070	1.49339	6.85012e-07	0.671389	12.6222
2075	1.49331	6.88533e-07	0.675625	12.65
2080	1.49323	6.95305e-07	0.679861	12.6778
2085	1.49315	6.99694e-07	0.684097	12.7056
2090	1.49307	6.99314e-07	0.688333	12.7333
2095	1.49299	7.09501e-07	0.692569	12.7611
2100	1.49291	7.15364e-07	0.696806	12.7889
2105	1.49283	7.1735e-07	0.701042	12.8167
2110	1.49275	7.23504e-07	0.705278	12.8444
2115	1.49267	7.35696e-07	0.709514	12.8722
2120	1.49259	7.44858e-07	0.71375	12.9
2125	1.49251	7.66816e-07	0.717986	12.9278
2130	1.49243	7.76733e-07	0.722222	12.9556
2135	1.49235	7.97605e-07	0.726458	12.9833
2140	1.49227	8.22198e-07	0.730184	13.0132
2145	1.49219	8.34558e-07	0.733145	13.0461
2150	1.49211	8.53249e-07	0.736105	13.0789
2155	1.49203	8.91303e-07	0.739066	13.1118
2160	1.49195	9.12469e-07	0.742026	13.1447
2165	1.49187	9.54785e-07	0.744987	13.1776
2170	1.49179	9.97614e-07	0.747947	13.2105
2175	1.49171	1.04748e-06	0.750908	13.2434
2180	1.49163	1.1059e-06	0.753868	13.2763
2185	1.49155	1.16515e-06	0.756829	13.3092
2190	1.49147	1.23159e-06	0.759789	13.3421
2195	1.49139	1.29611e-06	0.76275	13.375
2200	1.49131	1.36307e-06	0.765711	13.4079
2205	1.49122	1.41673e-06	0.768671	13.4408
2210	1.49114	1.4635e-06	0.771632	13.4737
2215	1.49106	1.50654e-06	0.774598	13.5061
2220	1.49098	1.52e-06	0.777585	13.5366
2225	1.4909	1.55e-06	0.780573	13.5671
2230	1.49082	1.56107e-06	0.783561	13.5976
2235	1.49074	1.55928e-06	0.786549	13.628
2240	1.49066	1.55152e-06	0.789537	13.6585
2245	1.49058	1.55e-06	0.792524	13.689
2250	1.4905	1.53473e-06	0.795512	13.7195
2255	1.49042	1.5228e-06	0.7985	13.75
2260	1.49034	1.5046e-06	0.801488	13.7805
2265	1.49026	1.49113e-06	0.804476	13.811
2270	1.49018	1.48257e-06	0.807463	13.8415
2275	1.4901	1.47584e-06	0.810451	13.872
2280	1.49002	1.46956e-06	0.813439	13.9024
2285	1.48994	1.44434e-06	0.816427	13.9329
2290	1.48986	1.44256e-06	0.819415	13.9634
2295	1.48978	1.42248e-06	0.822402	13.9939
2300	1.4897	1.42626e-06	0.8255	14.0227
2305	1.48962	1.41624e-06	0.828625	14.0511
2310	1.48954	1.41708e-06	0.83175	14.0795
2315	1.48946	1.39e-06	0.834875	14.108
2320	1.48938	1.40338e-06	0.838	14.1364
2325	1.4893	1.38902e-06	0.841125	14.1648
2330	1.48918	1.4e-06	0.84425	14.1932
2335	1.48905	1.39944e-06	0.847375	14.2216
2340	1.48893	1.38291e-06	0.8505	14.25
2345	1.48881	1.41e-06	0.853625	14.2784
2350	1.48869	1.38814e-06	0.85675	14.3068
2355	1.48856	1.4055e-06	0.859875	14.3352
2360	1.48844	1.42177e-06	0.863	14.3636
2365	1.48832	1.42972e-06	0.866125	14.392
2370	1.48819	1.45972e-06	0.86925	14.4205
2375	1.48807	1.44758e-06	0.872375	14.4489
2380	1.48795	1.46834e-06	0.8755	14.4773
2385	1.48783	1.46245e-06	0.878635	14.5062
2390	1.4877	1.52271e-06	0.881812	14.5375
2395	1.48758	1.54198e-06	0.88499	14.5687
2400	1.48746	1.53603e-06	0.888167	14.6
2405	1.48733	1.55098e-06	0.891344	14.6312
2410	1.48721	1.54808e-06	0.894521	14.6625
2415	1.48709	1.65596e-06	0.897698	14.6937
2420	1.48697	1.66623e-06	0.900875	14.725
2425	1.48684	1.69916e-06	0.904052	14.7562
2430	1.48672	1.74247e-06	0.907229	14.7875
2435	1.4866	1.80525e-06	0.910406	14.8187
2440	1.48647	1.82553e-06	0.913583	14.85
2445	1.48635	1.83339e-06	0.91676	14.8812
2450	1.48623	1.93535e-06	0.919937	14.9125
2455	1.48611	1.94582e-06	0.923115	14.9437
2460	1.48598	2.07207e-06	0.926292	14.975
2465	1.48586	2.08395e-06	0.929469	15.0062
2470	1.48574	2.03222e-06	0.932646	15.0375
2475	1.48561	2.13596e-06	0.935823	15.0687
2480	1.48549	2.12264e-06	0.939	15.1
2485	1.48537	2.21672e-06	0.942301	15.1291
2490	1.48525	2.37869e-06	0.945602	15.1583
2495	1.48512	2.07923e-06	0.948903	15.1874
2500	1.485	2.3975e-06	0.952204	15.2165
