Metallic Aluminium; Palik V.1 pag.365-400 1/giu/01
 91
183.7 0.102 2.07 .001 .001
190.7 0.110 2.17 .001 .001
198.4 0.119 2.28 .001 .001
206.6 0.130 2.39 .001 .001
215.6 0.141 2.51 .001 .001
225.4 0.155 2.64 .001 .001
236.2 0.172 2.79 .001 .001
248.0 0.190 2.94 .001 .001
261.0 0.209 3.11 .001 .001
275.5 0.233 3.30 .001 .001
291.7 0.261 3.51 .001 .001
300.0 0.276 3.61 .001 .001
310.0 0.294 3.74 .001 .001
317.9 0.310 3.84 .001 .001
326.3 0.326 3.95 .001 .001
335.1 0.344 4.06 .001 .001
344.4 0.364 4.17 .001 .001
350.0 0.375 4.24 .001 .001
354.2 0.385 4.30 .001 .001
364.7 0.407  4.43  .001 .001
375.7 0.432 4.56 .001 .001
387.5 0.456 4.71 .001 .001
400.0 0.490 4.86 .001 .001
413.3 0.52325 5.02432 .001 .001
427.5 0.55789 5.1982  .001 .001
442.8 0.59796 5.38494 .001 .001
450.0 0.618 5.47 .001 .001
459.2 0.64349 5.58517 .001 .001
476.9 0.69541 5.79945 .001 .001
495.9 0.75527 6.03162 .001 .001
500.0 0.769 6.08 .001 .001
506.1 0.789 6.15 .001 .001
516.6 0.82608 6.28271 .001 .001
527.6 0.867 6.42 .001 .001
539.1 0.91234 6.55457 .001 .001
550.0 0.958 6.69 .001 .001
551.0 0.963 6.70 .001 .001
563.6 1.01813 6.84592 .001 .001
590.4 1.14832 7.15392 .001 .001
600.0 1.20 7.26 .001 .001
619.9 1.3036  7.47926 .001 .001
635.8 1.38973 7.64535 .001 .001
650.0 1.47 7.79 .001 .001
652.6 1.49 7.82 .001 .001
670.2 1.60 8.01 .001 .001
688.8 1.74102 8.20495 .001 .001
700.0 1.83 8.31 .001 .001
708.5 1.908   8.38573 .001 .001
729.3 2.1427  8.57328 .001 .001
750.0 2.40 8.62 .001 .001
751.4 2.41296 8.6222  .001 .001
774.9 2.62458 8.59758 .001 .001
784.7 2.71885 8.58267 .001 .001
794.8 2.79006 8.49085 .001 .001
805.1 2.79697 8.41267 .001 .001
825.0 2.75 8.31 .001 .001
826.6 2.74 8.31 .001 .001
850.0 2.61 8.22 .001 .001
855.1 2.58 8.21 .001 .001
875.0 2.38 8.18 .001 .001
885.6 2.24 8.21 .001 .001
900.0 2.06 8.30 .001 .001
918.4 1.86 8.44 .001 .001
925.0 1.77 8.49 .001 .001
950.0 1.49 8.88 .001 .001
953.7 1.47 8.95 .001 .001
991.9 1.37 9.49 .001 .001
1000.0 1.35 9.58 .001 .001
1033.0 1.26 10.0 .001 .001
1078.0 1.21 10.6 .001 .001
1127.0 1.20 11.2 .001 .001
1181.0 1.21 11.8 .001 .001
1200.0 1.21 12.0 .001 .001
1240.0 1.21 12.5 .001 .001
1305.0 1.23 13.2 .001 .001
1378.0 1.26 14.0 .001 .001
1459.0 1.33 14.9 .001 .001
1500.0 1.38 15.4 .001 .001
1550.0 1.44 16.0 .001 .001
1653.0 1.59 17.1 .001 .001
1771.0 1.77 18.3 .001 .001
1907.0 1.99 19.8 .001 .001
2000.0 2.15 20.7 .001 .001
2065.0 2.27 21.4 .001 .001
2254.0 2.62 23.3 .001 .001
2480.0 3.07 25.6 .001 .001
2755.0 3.68 28.3 .001 .001
3000.0 4.24 30.6 .001 .001
3100.0 4.45 31.5 .001 .001
3306.0 4.88 33.4 .001 .001
3542.0 5.44 35.6 .001 .001
