n&k IbridOne Tn&Rn wl-spaced 17/gen/2018                                    
  201
300	1.49363971	-1.07765104e-08	0.000965118408	1.79255935e-08
311	1.48591232	-8.71351702e-09	0.00108796358	1.90011757e-08
322	1.48043334	-2.15101323e-08	0.00117522478	2.04256345e-08
333	1.47634053	3.2970644e-09	0.00124049187	2.13734221e-08
344	1.47316253	2.68983014e-09	0.001290977	2.22581793e-08
355	1.47061968	1.1748778e-08	0.00133121014	2.31260042e-08
366	1.46853566	2.79998003e-09	0.00136393309	2.39541826e-08
377	1.46679366	3.1265277e-09	0.00139135122	2.42676688e-08
388	1.46531379	8.44550563e-09	0.00141453743	2.5073323e-08
399	1.46403909	8.93834251e-09	0.00143414736	2.58663313e-08
410	1.4629277	5.28921884e-09	0.0014513135	2.6648312e-08
421	1.46194875	8.68728556e-09	0.00146627426	2.74307475e-08
432	1.46107852	1.18098065e-08	0.00147944689	2.82048589e-08
443	1.46029842	4.32896741e-09	0.001491189	2.89739965e-08
454	1.45959449	9.26311294e-09	0.00150156021	2.97419795e-08
465	1.45895469	7.84266785e-09	0.00151103735	3.05072021e-08
476	1.45836985	3.1334495e-09	0.00151956081	3.1267529e-08
487	1.45783234	5.08937026e-09	0.00152724981	3.20317071e-08
498	1.45733583	2.76405787e-09	0.00153434277	3.27865202e-08
509	1.45687532	-7.9374457e-10	0.00154072046	3.35438379e-08
520	1.45644629	-4.66819339e-09	0.00154668093	3.42993545e-08
531	1.45604479	-6.74102463e-09	0.00155222416	3.50566864e-08
542	1.45566809	-9.64416813e-09	0.00155723095	3.5808629e-08
553	1.45531332	-1.05989564e-08	0.00156193972	3.65600883e-08
564	1.45497799	-1.35571749e-08	0.00156629086	3.7309654e-08
575	1.45466018	-1.63482134e-08	0.00157040358	3.80612235e-08
586	1.45435834	-1.83103808e-08	0.00157415867	3.88069168e-08
597	1.45407069	-2.0717053e-08	0.00157773495	3.96380173e-08
608	1.45379591	-2.13665263e-08	0.00158107281	4.03861407e-08
619	1.45353293	-2.5370495e-08	0.00158429146	4.11358947e-08
630	1.45328033	-2.43721523e-08	0.0015873313	4.18859969e-08
641	1.45303786	-2.81620114e-08	0.00159007311	4.2629086e-08
652	1.45280409	-2.90735986e-08	0.00159281492	4.33845138e-08
663	1.45257854	-3.02984944e-08	0.00159531832	4.41302994e-08
674	1.45236051	-3.29838414e-08	0.0015977025	4.47922339e-08
685	1.45214927	-3.04121919e-08	0.00159990788	4.55373055e-08
696	1.45194447	-3.22926859e-08	0.00160205364	4.62922216e-08
707	1.45174551	-3.48446427e-08	0.0016041398	4.7035762e-08
718	1.45155203	-3.55074263e-08	0.00160604715	4.77926037e-08
729	1.45136356	-3.77894729e-08	0.00160777569	4.85433489e-08
740	1.45117939	-3.88748127e-08	0.00160968304	4.92994943e-08
751	1.45099974	-3.74024012e-08	0.00161141157	5.00753643e-08
762	1.45082402	-3.96770936e-08	0.0016130209	5.08469924e-08
773	1.45065188	-4.76612421e-08	0.00161463022	5.16576364e-08
784	1.45048344	-3.50045646e-08	0.00161612034	5.2514757e-08
795	1.45031798	-4.11198542e-08	0.00161749125	5.34676126e-08
806	1.45015562	-3.79536509e-08	0.00161886215	5.46739614e-08
817	1.44999576	-5.31709361e-08	0.00162029266	5.6464792e-08
828	1.44983864	-4.45246613e-08	0.00162154436	6.00207244e-08
839	1.4496839	-4.37405347e-08	0.00162279606	6.89855426e-08
850	1.44953144	-7.83029037e-08	0.00162386894	8.81737847e-08
861	1.44938087	-4.9474643e-08	0.00162512064	5.73881032e-08
872	1.44923258	-4.11880059e-08	0.00162601471	5.81419641e-08
883	1.44908571	-4.8140798e-08	0.0016272068	5.88824243e-08
894	1.44894075	-4.05369036e-08	0.00162810087	5.96273111e-08
905	1.44879723	-4.8337288e-08	0.00162905455	6.03652026e-08
916	1.44865501	-3.94825221e-08	0.00163012743	6.11051121e-08
927	1.44851434	-4.91563874e-08	0.0016310215	6.1847814e-08
938	1.44837475	-5.58207809e-08	0.00163197517	6.25866718e-08
949	1.44823635	-6.88024073e-08	0.00163280964	6.33158592e-08
960	1.44809902	-7.17098558e-08	0.00163370371	6.40557971e-08
971	1.44796276	-1.06237394e-07	0.00163447857	6.47874359e-08
982	1.44782722	-6.15362126e-08	0.00163519382	6.55261232e-08
993	1.44769263	-6.21394847e-08	0.00163596869	6.62764847e-08
1004	1.44755888	-3.25491953e-08	0.00163668394	6.70321825e-08
1015	1.4474256	-3.32656853e-08	0.00163751841	6.77664644e-08
1026	1.44729316	-3.67840798e-08	0.00163817406	6.85024304e-08
1037	1.44716108	-3.68185269e-08	0.00163888931	6.92439812e-08
1048	1.44702983	-3.58283323e-08	0.00163942575	6.99855391e-08
1059	1.44689882	-3.77629874e-08	0.0016400218	7.07208798e-08
1070	1.44676816	-3.72459006e-08	0.00164067745	7.14531936e-08
1081	1.44663799	-3.88366743e-08	0.0016412735	7.22013525e-08
1092	1.44650817	-4.17641814e-08	0.00164180994	7.29340925e-08
1103	1.44637859	-4.19359054e-08	0.00164246559	7.36739167e-08
1114	1.44624913	-4.47610695e-08	0.00164294243	7.44052855e-08
1125	1.4461199	-4.57224658e-08	0.00164347887	7.51405054e-08
1136	1.4459908	-4.25604689e-08	0.00164395571	7.58824967e-08
1147	1.4458617	-4.64476848e-08	0.00164461136	7.66159403e-08
1158	1.44573283	-4.8968591e-08	0.00164502859	7.73442821e-08
1169	1.44560385	-4.91439245e-08	0.00164562464	7.80810652e-08
1180	1.4454751	-4.72249084e-08	0.00164598227	7.8832997e-08
1191	1.44534612	-4.85373235e-08	0.00164651871	7.95590864e-08
1202	1.44521713	-4.79486282e-08	0.00164693594	8.03060445e-08
1213	1.44508779	-4.64736871e-08	0.00164747238	8.1047375e-08
1224	1.44495869	-4.34604495e-08	0.0016477704	8.17564256e-08
1235	1.44482923	-2.5154927e-08	0.00164818764	8.25110149e-08
1246	1.44469976	-1.96039363e-09	0.00164854527	8.32566087e-08
1257	1.44456983	-1.1400048e-08	0.0016490221	8.39896899e-08
1268	1.44443977	-2.96801375e-08	0.00164937973	8.47276453e-08
1279	1.44430935	-3.32967218e-08	0.00164979696	8.54505231e-08
1290	1.4441787	-3.85365162e-08	0.00165009499	8.61798171e-08
1301	1.44404769	-3.67999604e-08	0.00165045261	8.69160246e-08
1312	1.4439162	-3.57266323e-08	0.00165086985	8.76623361e-08
1323	1.44378448	-2.53626737e-08	0.00165122747	8.83946285e-08
1334	1.44365227	-3.82995591e-09	0.0016515851	8.91299337e-08
1345	1.44351959	2.48950638e-08	0.00165200233	8.98832369e-08
1356	1.44338667	5.63534748e-08	0.00165224075	9.06165596e-08
1367	1.44325316	2.34207334e-07	0.00165253878	9.14102287e-08
1378	1.44311929	7.92892138e-07	0.0016528368	9.2313968e-08
1389	1.44298458	9.9139254e-07	0.00165313482	9.3112277e-08
1400	1.44284952	5.97549615e-07	0.00165343285	9.3722349e-08
1411	1.44271398	2.90661234e-07	0.00165367126	9.43530836e-08
1422	1.4425776	1.33704376e-07	0.00165396929	9.50452375e-08
1433	1.44244063	6.38404813e-08	0.00165426731	9.57566044e-08
1444	1.44230306	2.01169001e-08	0.00165462494	9.64731584e-08
1454.9999	1.44216502	-9.71120251e-09	0.00165486336	9.71867848e-08
1465.9999	1.44202626	-2.63882232e-08	0.00165504217	9.79263604e-08
1477.0001	1.44188666	-3.5226293e-08	0.0016553998	9.86549651e-08
1488	1.44174647	-3.70334128e-08	0.00165557861	9.93825537e-08
1499	1.44160545	-4.58598706e-08	0.00165581703	1.00120033e-07
1510	1.44146371	-5.14866478e-08	0.00165611506	1.01031993e-07
1521	1.44132125	-5.63228717e-08	0.00165629387	1.01574727e-07
1532	1.44117785	-5.57745139e-08	0.00165659189	1.02305847e-07
1543	1.4410336	-5.13987324e-08	0.00165688992	1.03226114e-07
1554	1.44088864	-4.92158208e-08	0.00165694952	1.03951663e-07
1565	1.44074285	-5.26734851e-08	0.00165718794	1.04682989e-07
1576	1.44059598	-5.15578122e-08	0.00165748596	1.05432591e-07
1587	1.44044852	-5.41634222e-08	0.00165760517	1.06141286e-07
1597.9999	1.44029975	-5.20437702e-08	0.00165790319	1.06875099e-07
1609.0001	1.44015026	-5.77115173e-08	0.00165808201	1.0761358e-07
1620.0001	1.43999982	-4.91820273e-08	0.00165826082	1.08346057e-07
1631	1.4398483	-4.88256404e-08	0.00165838003	1.0907717e-07
1642	1.43969572	-5.15168601e-08	0.00165867805	1.0981443e-07
1653	1.43954229	-5.09916092e-08	0.00165873766	1.10525065e-07
1664	1.43938756	-5.52275736e-08	0.00165897608	1.11263709e-07
1675	1.43923175	-5.06089251e-08	0.0016592741	1.119964e-07
1686	1.43907499	-4.8220322e-08	0.00165939331	1.12715028e-07
1697	1.43891716	-5.36805302e-08	0.00165951252	1.13447257e-07
1708	1.43875802	-4.77392774e-08	0.00165975094	1.14197e-07
1719	1.43859792	-4.50303332e-08	0.00165981054	1.14908772e-07
1730	1.43843639	-4.81151936e-08	0.00165998936	1.1563516e-07
1741	1.43827391	-4.7148685e-08	0.00166004896	1.16154865e-07
1752	1.43810987	-4.4964203e-08	0.00166028738	1.17104548e-07
1763	1.43794477	-4.69859671e-08	0.00166040659	1.17823134e-07
1774	1.43777835	-3.59048187e-08	0.0016605854	1.18565517e-07
1785	1.43761063	-3.62954502e-08	0.00166076422	1.19068069e-07
1796	1.43744159	-4.02415061e-08	0.00166088343	1.19797178e-07
1807	1.43727124	-3.65490287e-08	0.00166100264	1.20516106e-07
1818	1.43709946	-3.41032553e-08	0.00166118145	1.21239751e-07
1829	1.43692625	-3.45383846e-08	0.00166124105	1.21963595e-07
1840	1.43675172	-1.8967615e-08	0.00166136026	1.22688718e-07
1851	1.43657541	-1.43636072e-08	0.00166159868	1.2340729e-07
1862	1.43639779	-1.73631101e-08	0.0016617775	1.24139817e-07
1873	1.43621874	6.2513168e-09	0.00166189671	1.24869473e-07
1884	1.43603802	7.05127157e-09	0.00166201591	1.25604018e-07
1895	1.43585598	7.46394324e-09	0.00166201591	1.26306986e-07
1906	1.43567204	1.12833574e-08	0.00166219473	1.27028656e-07
1917	1.43548679	-2.84158541e-09	0.00166219473	1.27758611e-07
1928	1.43529963	3.44467281e-08	0.00166237354	1.28489432e-07
1939	1.43511081	2.22668248e-08	0.00166255236	1.2921565e-07
1950	1.43492031	3.664179e-08	0.00166261196	1.29941853e-07
1961	1.43472815	2.67839244e-08	0.00166267157	1.30664475e-07
1972	1.43453407	2.19188561e-08	0.00166279078	1.31376993e-07
1983	1.43433833	2.73675766e-08	0.00166290998	1.32094939e-07
1994	1.43414056	4.53300828e-08	0.00166302919	1.32813227e-07
2005	1.43394113	4.01186497e-08	0.0016631484	1.33542187e-07
2016	1.43373966	7.80146792e-08	0.00166320801	1.34265065e-07
2027	1.43353641	1.08983578e-07	0.00166326761	1.35000604e-07
2038	1.43333125	1.32901476e-07	0.00166332722	1.35722544e-07
2049	1.43312383	1.6332541e-07	0.00166338682	1.36447326e-07
2060	1.4329145	1.94903507e-07	0.00166344643	1.37182042e-07
2071	1.43270302	2.2905364e-07	0.00166356564	1.37915151e-07
2082	1.43248951	2.07489066e-07	0.00166362524	1.38619981e-07
2093	1.43227363	2.23921191e-07	0.00166380405	1.39334233e-07
2104	1.43205583	2.40083381e-07	0.00166380405	1.40045998e-07
2115	1.43183565	3.42566409e-07	0.00166398287	1.40798534e-07
2126	1.43161333	3.83371145e-07	0.00166398287	1.41539516e-07
2137	1.43138862	4.80166364e-07	0.00166404247	1.42283682e-07
2148	1.43116152	6.41814097e-07	0.00166410208	1.43044517e-07
2159	1.43093204	8.93209403e-07	0.00166422129	1.43825673e-07
2170	1.43070006	1.22872677e-06	0.00166428089	1.44637625e-07
2181	1.43046594	1.89233413e-06	0.00166422129	1.4556133e-07
2192	1.43022883	3.62725132e-06	0.0016644001	1.46784828e-07
2203	1.42998946	5.94351377e-06	0.0016644001	1.48206027e-07
2214	1.42974734	6.93392985e-06	0.0016644001	1.49247853e-07
2225	1.42950249	6.32463434e-06	0.00166451931	1.49774223e-07
2236	1.42925501	5.75868671e-06	0.00166451931	1.50284905e-07
2247	1.42900479	5.3091926e-06	0.00166451931	1.50864935e-07
2258	1.42875159	4.69655424e-06	0.00166469812	1.51395625e-07
2269	1.42849565	3.89705929e-06	0.00166481733	1.51846848e-07
2280	1.42823684	3.12907696e-06	0.00166469812	1.52319785e-07
2291	1.42797482	2.38759753e-06	0.00166475773	1.52816142e-07
2302	1.42770982	1.92483071e-06	0.00166481733	1.53356211e-07
2313	1.42744184	1.59611545e-06	0.00166487694	1.54002237e-07
2324	1.42717075	1.36874417e-06	0.00166487694	1.54629049e-07
2335	1.42689621	1.11928193e-06	0.00166487694	1.55260011e-07
2346	1.42661846	9.97873713e-07	0.00166505575	1.55928859e-07
2357	1.42633736	9.77203854e-07	0.00166505575	1.56625987e-07
2368	1.42605293	8.19510149e-07	0.00166505575	1.57277299e-07
2379	1.42576504	9.12862049e-07	0.00166505575	1.58029792e-07
2390	1.42547357	1.04226046e-06	0.00166511536	1.5877535e-07
2401	1.42517829	1.19748188e-06	0.00166517496	1.5953313e-07
2412	1.42487943	1.31185755e-06	0.00166523457	1.60225454e-07
2423	1.424577	1.61338789e-06	0.00166511536	1.61017226e-07
2434	1.42427051	1.74521369e-06	0.00166523457	1.61760624e-07
2445	1.42396009	2.1496744e-06	0.00166523457	1.62595427e-07
2456	1.42364573	2.46133936e-06	0.00166523457	1.63381969e-07
2467	1.42332745	2.65316658e-06	0.00166523457	1.64144922e-07
2478	1.42300475	3.08669541e-06	0.00166529417	1.64969947e-07
2489	1.42267799	3.22995675e-06	0.00166523457	1.65706069e-07
2500	1.42234671	3.77771289e-06	0.00166535378	1.66559289e-07
