n BK7 da catalogo Melles Griot + E.F. Schubert data 1/ott/04
 61
210.1 1.63056 .0 .00001 .0
213.8 1.62349 .0 .00001 .0
217.5 1.61689 .0 .00001 .0
221.4 1.61074 .0 .00001 .0
225.4 1.60499 .0 .00001 .0
229.6 1.59961 .0 .00001 .0
233.9 1.59457 .0 .00001 .0
238.4 1.58983 .0 .00001 .0
243.1 1.58538 .0 .00001 .0
248.0 1.58119 .0 .00001 .0
253.0 1.57723 .0 .00001 .0
258.3 1.57348 .0 .00001 .0
263.8 1.56993 .0 .00001 .0
269.5 1.56657 .0 .00001 .0
275.5 1.56337 .0 .00001 .0
281.8 1.56033 .0 .00001 .0
288.3 1.55743 .0 .00001 .0
295.2 1.55466 .0 .00001 .0
302.4 1.55201 .0 .00001 .0
309.9 1.54948 .0 .00001 .0
317.9 1.54705 .0 .00001 .0
326.3 1.54473 .0 .00001 .0
335.1 1.54250 .0 .00001 .0
344.4 1.54036 .0 .00001 .0
351.1 1.53894 .0 .00001 .0
354.2 1.53830 .0 .00001 .0
363.8 1.53648 .0 .00001 .0
404.7 1.53024 .0 .00001 .0
435.8 1.52669 .0 .00001 .0
441.6 1.52611 .0 .00001 .0
457.9 1.52462 .0 .00001 .0
465.8 1.52395 .0 .00001 .0
472.7 1.52339 .0 .00001 .0
476.5 1.52310 .0 .00001 .0
480.0 1.52283 .0 .00001 .0
486.1 1.52238 .0 .00001 .0
488.0 1.52224 .0 .00001 .0
496.5 1.52165 .0 .00001 .0
501.7 1.52130 .0 .00001 .0
514.5 1.52049 .0 .00001 .0
532.0 1.51947 .0 .00001 .0
546.1 1.51872 .0 .00001 .0
587.6 1.51680 .0 .00001 .0
589.3 1.51673 .0 .00001 .0
632.8 1.51509 .0 .00001 .0
643.8 1.51472 .0 .00001 .0
656.3 1.51432 .0 .00001 .0
694.3 1.51322 .0 .00001 .0
786.0 1.51106 .0 .00001 .0
821.0 1.51037 .0 .00001 .0
830.0 1.51021 .0 .00001 .0
852.1 1.50981 .0 .00001 .0
904.0 1.50894 .0 .00001 .0
1014.0 1.50731 .0 .00001 .0
1060.0 1.50669 .0 .00001 .0
1300.0 1.50371 .0 .00001 .0
1500.0 1.50130 .0 .00001 .0
1550.0 1.50068 .0 .00001 .0
1970.1 1.49500 .0 .00001 .0
2325.4 1.48929 .0 .00001 .0
2500.0 1.48500 .0 .00001 .0
