Vetro Pilkington Microwhite 0.95 mm nk ibridone sett/09                      
  201
300	1.59421051	1.20007944e-05	0.00200390816	5.34441824e-08
301.32583	1.592453	1.09737312e-05	0.00199300051	5.38339009e-08
302.663428	1.59076333	1.00284997e-05	0.0019826889	5.34732862e-08
304.012964	1.58913815	9.16079352e-06	0.00197267532	5.31645128e-08
305.374585	1.58757341	8.32615478e-06	0.00196301937	5.28916644e-08
306.748486	1.58606589	7.57741645e-06	0.00195366144	5.26765689e-08
308.134766	1.58461249	6.87113652e-06	0.00194472075	5.24898951e-08
309.533618	1.58321047	6.22596281e-06	0.00193607807	5.23380095e-08
310.945264	1.58185673	5.59698992e-06	0.00192779303	5.22143182e-08
312.369849	1.58054912	5.02602325e-06	0.0019197464	5.21124548e-08
313.80752	1.57928526	4.51260848e-06	0.00191193819	5.20444701e-08
315.258521	1.57806289	4.07741027e-06	0.00190442801	5.20155936e-08
316.722974	1.57687998	3.65846199e-06	0.00189715624	5.20001322e-08
318.201099	1.57573462	3.25226438e-06	0.00189012289	5.20035428e-08
319.693091	1.57462513	2.91599463e-06	0.00188320875	5.20290087e-08
321.199146	1.57354975	2.5877323e-06	0.00187653303	5.20692538e-08
322.719458	1.57250667	2.37890868e-06	0.00187021494	5.21572474e-08
324.254224	1.57149482	2.10653479e-06	0.00186401606	5.22283017e-08
325.803638	1.57051265	1.82322879e-06	0.00185799599	5.22977075e-08
327.367969	1.56955874	1.59461388e-06	0.00185221434	5.23897938e-08
328.947363	1.56863201	1.41725218e-06	0.00184649229	5.25105861e-08
330.54209	1.56773126	1.23601308e-06	0.00184088945	5.26255803e-08
332.152344	1.56685531	1.10341546e-06	0.00183558464	5.27676889e-08
333.778369	1.56600308	9.48080071e-07	0.00183045864	5.29065574e-08
335.420386	1.56517386	8.29219061e-07	0.00182527304	5.30601199e-08
337.078662	1.56436634	7.36928087e-07	0.00182038546	5.32282627e-08
338.753394	1.56358004	6.70873931e-07	0.00181555748	5.34121796e-08
340.444849	1.56281364	5.73165664e-07	0.00181102753	5.35875415e-08
342.153296	1.56206679	5.01793181e-07	0.00180649757	5.37726947e-08
343.878955	1.56133866	4.33864386e-07	0.00180202723	5.39708367e-08
345.622119	1.56062841	4.00447021e-07	0.00179773569	5.41680834e-08
347.383057	1.55993533	3.44821387e-07	0.00179350376	5.43787095e-08
349.162012	1.55925882	3.24784537e-07	0.00178945065	5.45942527e-08
350.959277	1.5585984	2.79648305e-07	0.00178551674	5.48207453e-08
352.775171	1.55795336	2.47159619e-07	0.00178164244	5.50388108e-08
354.609937	1.55732322	1.92117895e-07	0.00177782774	5.52524817e-08
356.463867	1.55670738	2.06552201e-07	0.00177413225	5.54945032e-08
358.337305	1.55610514	1.7721257e-07	0.00177061558	5.57405286e-08
360.230542	1.55551648	1.7094797e-07	0.0017670393	5.598163e-08
362.143896	1.55494058	1.59543504e-07	0.00176364183	5.62367894e-08
364.077661	1.5543772	1.50538625e-07	0.00176030397	5.64862148e-08
366.032202	1.55382574	1.38707549e-07	0.00175702572	5.67377931e-08
368.007861	1.55328584	1.24216172e-07	0.00175386667	5.70002179e-08
370.004932	1.55275738	9.03482444e-08	0.00175070763	5.72524996e-08
372.023804	1.55223966	1.31464901e-07	0.00174754858	5.75353951e-08
374.064844	1.55173218	1.28332431e-07	0.00174468756	5.78210475e-08
376.128394	1.5512352	1.3143439e-07	0.00174176693	5.81066111e-08
378.214819	1.55074775	1.430395e-07	0.00173890591	5.8383943e-08
380.324536	1.55027008	1.42840108e-07	0.00173610449	5.86814259e-08
382.457935	1.54980147	1.46644567e-07	0.00173336267	5.89687339e-08
384.615381	1.5493418	1.22884657e-07	0.00173079967	5.92637903e-08
386.797314	1.54889083	1.14310005e-07	0.00172811747	5.95590244e-08
389.00415	1.54844809	1.05743723e-07	0.00172567368	5.98610086e-08
391.236304	1.54801369	9.88276412e-08	0.00172311068	6.01645667e-08
393.494238	1.54758692	9.81495205e-08	0.00172072649	6.0473873e-08
395.778369	1.54716802	1.0571177e-07	0.00171822309	6.07916775e-08
398.08916	1.54675651	9.88571145e-08	0.00171595812	6.11232522e-08
400.427124	1.54635203	8.43259329e-08	0.00171369314	6.14447089e-08
402.7927	1.54595447	9.00968686e-08	0.00171154737	6.17696969e-08
405.186377	1.54556394	8.72411974e-08	0.0017092824	6.21107574e-08
407.608691	1.54518008	8.29732727e-08	0.00170707703	6.24493026e-08
410.060156	1.54480219	8.67700436e-08	0.00170511007	6.27946548e-08
412.54126	1.54443085	9.80655201e-08	0.00170296431	6.3151731e-08
415.052588	1.54406536	1.10839821e-07	0.00170093775	6.35106545e-08
417.594678	1.54370594	1.04651178e-07	0.00169891119	6.38662669e-08
420.168066	1.54335201	1.00452844e-07	0.00169700384	6.42249134e-08
422.773389	1.54300356	9.44257366e-08	0.0016952157	6.45933937e-08
425.41123	1.54266071	9.20803913e-08	0.00169324875	6.49689511e-08
428.082178	1.54232275	8.74029311e-08	0.00169157982	6.53412187e-08
430.786914	1.54199016	9.21028587e-08	0.00168979168	6.57398616e-08
433.526025	1.54166245	9.71506111e-08	0.00168800354	6.61293598e-08
436.300195	1.5413394	9.18150178e-08	0.00168633461	6.65281803e-08
439.110059	1.54102111	1.05041615e-07	0.00168460608	6.69293314e-08
441.956396	1.54070735	9.00871271e-08	0.00168305635	6.73471874e-08
444.839844	1.540398	9.01128132e-08	0.00168144703	6.77508254e-08
447.761182	1.54009295	9.93206797e-08	0.00167989731	6.81869921e-08
450.721143	1.53979218	7.47218465e-08	0.00167816877	6.86013948e-08
453.720508	1.53949523	8.53343138e-08	0.00167679787	6.90279194e-08
456.760059	1.53920221	8.37883078e-08	0.00167536736	6.94710067e-08
459.840576	1.53891325	7.31668379e-08	0.00167393684	6.99148188e-08
462.962939	1.53862786	7.10386843e-08	0.00167250633	7.03633347e-08
466.128027	1.53834617	7.45243938e-08	0.00167113543	7.0822864e-08
469.33667	1.53806806	7.33049177e-08	0.00166976452	7.12935346e-08
472.589795	1.53779316	5.98208487e-08	0.00166851282	7.17557569e-08
475.88833	1.53752184	6.72164617e-08	0.00166714191	7.22438074e-08
479.233203	1.53725374	5.9613015e-08	0.00166589022	7.27198213e-08
482.625488	1.53698874	6.75536782e-08	0.00166463852	7.32247756e-08
486.066113	1.53672671	6.20425524e-08	0.00166344643	7.37273638e-08
489.556152	1.53646779	5.46822463e-08	0.00166219473	7.42262571e-08
493.096631	1.53621149	5.22919557e-08	0.00166118145	7.47413864e-08
496.688721	1.53595829	5.9039408e-08	0.00165992975	7.5268467e-08
500.333545	1.53570783	5.21139754e-08	0.00165879726	7.58011183e-08
504.032275	1.53545976	5.83682365e-08	0.00165784359	7.63482575e-08
507.786035	1.5352143	4.81488875e-08	0.0016567111	7.690074e-08
511.596191	1.53497136	5.58560167e-08	0.00165569782	7.74614008e-08
515.463916	1.53473103	6.12739512e-08	0.00165468454	7.80208964e-08
519.390576	1.53449273	5.93302687e-08	0.00165367126	7.85875898e-08
523.377539	1.53425694	6.26953351e-08	0.00165271759	7.91732759e-08
527.426172	1.53402305	5.87067994e-08	0.00165194273	7.97598716e-08
531.537939	1.53379166	5.05189455e-08	0.00165086985	8.03674496e-08
535.714307	1.53356194	4.67917474e-08	0.00165009499	8.09780971e-08
539.956738	1.53333437	6.00661494e-08	0.00164920092	8.16041137e-08
544.267041	1.53310883	5.26909183e-08	0.00164836645	8.2241435e-08
548.64668	1.53288496	5.09084366e-08	0.00164753199	8.2892285e-08
553.097363	1.53266287	5.14243474e-08	0.00164681673	8.35345872e-08
557.620801	1.53244257	4.95200752e-08	0.00164598227	8.42040109e-08
562.218896	1.53222394	4.87140639e-08	0.0016451478	8.4888498e-08
566.893408	1.53200674	5.57750859e-08	0.00164449215	8.55754436e-08
571.646387	1.53179097	5.28500017e-08	0.0016438961	8.62834213e-08
576.479639	1.53157687	4.98452195e-08	0.00164312124	8.70048211e-08
581.39541	1.53136408	6.71769627e-08	0.00164246559	8.77253825e-08
586.395654	1.53115261	7.64628112e-08	0.00164186954	8.84821461e-08
591.482617	1.53094244	6.75442564e-08	0.00164121389	8.92187231e-08
596.658643	1.53073323	7.10363821e-08	0.00164073706	9.0000114e-08
601.926172	1.53052545	7.74323041e-08	0.00164008141	9.07759699e-08
607.287402	1.5303185	7.24697031e-08	0.00163954496	9.15651697e-08
612.745117	1.5301125	7.29670262e-08	0.00163900852	9.23896124e-08
618.301709	1.52990758	8.29698408e-08	0.00163853168	9.3228131e-08
623.960059	1.52970338	8.63195027e-08	0.00163805485	9.40643972e-08
629.7229	1.52950001	8.5089404e-08	0.00163769722	9.49284384e-08
635.593213	1.52929747	9.66739222e-08	0.00163722038	9.58087867e-08
641.573975	1.52909541	9.98000331e-08	0.00163680315	9.6703495e-08
647.668408	1.52889419	9.84747714e-08	0.00163638592	9.76075185e-08
653.879688	1.5286932	1.05782206e-07	0.00163602829	9.85499895e-08
660.211279	1.52849269	1.10321537e-07	0.00163573027	9.94887088e-08
666.66665	1.52829266	1.23143892e-07	0.00163543224	1.00478935e-07
673.249561	1.52809286	1.18478312e-07	0.00163519382	1.01451519e-07
679.963721	1.5278933	1.2124346e-07	0.00163495541	1.02467773e-07
686.813184	1.52769387	1.23203648e-07	0.00163465738	1.03498131e-07
693.802051	1.52749431	1.16626126e-07	0.00163459778	1.04557472e-07
700.93457	1.52729487	1.18530508e-07	0.00163441896	1.05622554e-07
708.215283	1.52709544	1.3893235e-07	0.00163424015	1.06733772e-07
715.648877	1.52689576	1.4617062e-07	0.00163412094	1.07871088e-07
723.240137	1.52669573	1.61656857e-07	0.00163406134	1.09038645e-07
730.994141	1.52649534	1.61248252e-07	0.00163394213	1.10218174e-07
738.91626	1.52629459	1.75115005e-07	0.00163394213	1.11460281e-07
747.011963	1.52609313	1.82428238e-07	0.00163394213	1.12691936e-07
755.287012	1.52589107	2.00667486e-07	0.00163394213	1.14002745e-07
763.747461	1.52568829	1.98971605e-07	0.00163406134	1.15365431e-07
772.399609	1.52548444	2.39240194e-07	0.00163412094	1.16807385e-07
781.25	1.52527976	2.21830518e-07	0.00163429976	1.18336963e-07
790.305566	1.52507401	2.54049922e-07	0.00163441896	1.20029867e-07
799.573584	1.52486694	2.806932e-07	0.00163459778	1.22015479e-07
809.061523	1.52465856	2.79781517e-07	0.0016348958	1.24605293e-07
818.777295	1.52444863	3.09572158e-07	0.00163513422	1.28670607e-07
828.729297	1.52423704	3.03023143e-07	0.00163549185	1.36630874e-07
838.926172	1.52402365	3.29163953e-07	0.00163590908	1.55875099e-07
849.377148	1.5238086	3.30975922e-07	0.00163608789	1.96858522e-07
860.091699	1.52359104	3.05518796e-07	0.00163668394	2.2902644e-07
871.080176	1.52337134	2.86594428e-07	0.00163710117	1.31396547e-07
882.35293	1.52314925	3.30104257e-07	0.00163763762	1.3313381e-07
893.921289	1.52292442	2.89562308e-07	0.00163829327	1.3489128e-07
905.79707	1.52269673	3.56796676e-07	0.00163882971	1.36744745e-07
917.992676	1.52246594	3.8531681e-07	0.00163960457	1.38612947e-07
930.521094	1.5222317	3.36934221e-07	0.00164031982	1.40506671e-07
943.396191	1.52199399	3.89594447e-07	0.00164115429	1.42525039e-07
956.632617	1.52175248	4.07317913e-07	0.00164192915	1.44550128e-07
970.245801	1.52150679	3.972375e-07	0.00164288282	1.46650919e-07
984.251953	1.52125669	3.73526859e-07	0.0016438961	1.48814195e-07
998.668457	1.52100194	4.53487587e-07	0.00164490938	1.51064995e-07
1013.51348	1.52074182	4.67565229e-07	0.00164604187	1.53357007e-07
1028.80654	1.52047646	4.76729099e-07	0.00164723396	1.55733105e-07
1044.56836	1.52020514	4.80552046e-07	0.00164854527	1.58188612e-07
1060.82041	1.51992738	4.924525e-07	0.00164991617	1.60697027e-07
1077.58623	1.51964307	4.98068061e-07	0.00165134668	1.63323534e-07
1094.89053	1.51935124	5.07095478e-07	0.0016528964	1.66022119e-07
1112.75967	1.51905167	5.15039403e-07	0.00165462494	1.68795054e-07
1131.22168	1.51874352	5.20046001e-07	0.00165635347	1.71718995e-07
1150.30674	1.51842642	5.29901797e-07	0.00165820122	1.74690882e-07
1170.04678	1.51809931	4.43274502e-07	0.00166028738	1.77764036e-07
1190.47617	1.51776171	5.71840587e-07	0.00166231394	1.81045891e-07
1211.63174	1.51741254	5.47452714e-07	0.00166469812	1.84352515e-07
1233.55273	1.51705086	5.23297615e-07	0.00166720152	1.87809917e-07
1256.28145	1.51667583	5.49006757e-07	0.00166976452	1.91476033e-07
1279.86348	1.51628602	5.49820641e-07	0.00167256594	1.95229063e-07
1304.34785	1.51588058	5.34692788e-07	0.00167542696	1.99086969e-07
1329.78721	1.51545751	5.13532427e-07	0.00167864561	1.98192637e-07
1356.23867	1.51501572	5.48219759e-07	0.00168198347	2.02321601e-07
1383.76387	1.51455307	5.35127413e-07	0.00168561935	2.06642142e-07
1412.42939	1.51406777	5.67638381e-07	0.00168955326	2.1115244e-07
1442.30771	1.51355755	5.2800425e-07	0.00169378519	2.15860595e-07
1473.47744	1.51302016	4.86792715e-07	0.00169819593	2.20818421e-07
1506.02412	1.51245213	4.48995081e-07	0.00170308352	2.25980031e-07
1540.04102	1.51185083	4.3401883e-07	0.00170838833	2.31446194e-07
1575.63027	1.51121223	4.33778098e-07	0.00171399117	2.37141919e-07
1612.90322	1.51053214	4.19466346e-07	0.00172019005	2.43150225e-07
1651.98242	1.5098058	3.56033581e-07	0.00172680616	2.49510634e-07
1693.00234	1.50902712	5.42519274e-07	0.00173407793	2.56174673e-07
1736.11113	1.50819016	5.86756528e-07	0.00174188614	2.63204498e-07
1781.47266	1.50728643	7.09344704e-07	0.00175070763	2.77163537e-07
1829.26836	1.50630748	8.1542305e-07	0.00176012516	2.8530286e-07
1879.69922	1.50524223	9.19628974e-07	0.00177067518	2.93969435e-07
1932.98965	1.50407779	1.07198991e-06	0.00178229809	3.03168775e-07
1989.38984	1.5027988	1.22467543e-06	0.0017952323	3.13066636e-07
2049.18027	1.50138676	1.36031576e-06	0.00180959702	3.23601597e-07
2112.67598	1.49981868	1.57331965e-06	0.00182580948	3.35034088e-07
2180.23262	1.4980669	2.21424102e-06	0.0018440485	3.47411742e-07
2252.25234	1.49609697	2.99384396e-06	0.00186467171	3.60897843e-07
2329.19258	1.49386585	2.99261296e-06	0.00188839436	3.75243644e-07
2411.57559	1.49132001	3.34911147e-06	0.00191557407	3.91035087e-07
2500	1.48839259	4.60238607e-06	0.00194710493	4.0868872e-07
