Vetro Guardian 0.92 mm; n-k Ibridone 15 nov 2010                            
  201
300	1.5768849	7.53490394e-06	0.00198256969	5.45310286e-08
301.32583	1.5768501	6.8861782e-06	0.00197970867	5.43507213e-08
302.66343	1.5767835	6.30319619e-06	0.00197678804	5.42074758e-08
304.01296	1.5766872	5.76467846e-06	0.00197374821	5.32731974e-08
305.37458	1.576563	5.21266156e-06	0.00197058916	5.31617843e-08
306.74849	1.5764124	4.76006562e-06	0.00196743011	5.30887974e-08
308.13477	1.5762373	4.31268427e-06	0.00196421146	5.3370286e-08
309.53362	1.5760393	3.8943449e-06	0.00196093321	5.33026423e-08
310.94526	1.5758198	3.49772745e-06	0.00195753574	5.32569402e-08
312.36985	1.5755804	3.16209457e-06	0.00195419788	5.32376134e-08
313.80752	1.5753222	2.86334171e-06	0.00195086002	5.32351123e-08
315.25852	1.5750467	2.57244642e-06	0.00194740295	5.32438662e-08
316.72297	1.5747551	2.27524879e-06	0.00194394588	5.32528475e-08
318.2011	1.5744485	2.04741536e-06	0.00194054842	5.32926379e-08
319.69309	1.5741282	1.81361554e-06	0.00193709135	5.33345883e-08
321.19915	1.573795	1.66082157e-06	0.00193363428	5.34209903e-08
322.71946	1.5734501	1.44411831e-06	0.00193017721	5.34795959e-08
324.25422	1.5730944	1.22697008e-06	0.00192677975	5.35561071e-08
325.80364	1.5727286	1.09484006e-06	0.00192338228	5.36556968e-08
327.36797	1.5723538	9.67583333e-07	0.00191992521	5.3765973e-08
328.94736	1.5719708	8.926541e-07	0.00191652775	5.39636744e-08
330.54209	1.5715803	7.29203975e-07	0.00191307068	5.39410792e-08
332.15234	1.5711827	6.00790258e-07	0.00190979242	5.41117515e-08
333.77837	1.5707791	5.87725424e-07	0.00190645456	5.43356009e-08
335.42039	1.5703698	4.87743762e-07	0.00190317631	5.4529707e-08
337.07866	1.5699557	3.75874407e-07	0.00189989805	5.47199193e-08
338.75339	1.569537	3.38179376e-07	0.0018966198	5.4946085e-08
340.44485	1.5691146	2.97294633e-07	0.00189346075	5.51297106e-08
342.1533	1.5686888	2.32654457e-07	0.0018901825	5.53080426e-08
343.87896	1.5682598	2.03427732e-07	0.00188708305	5.55033211e-08
345.62212	1.5678285	1.50704963e-07	0.00188392401	5.5691352e-08
347.38306	1.5673951	9.76094938e-08	0.00188082457	5.58888473e-08
349.16201	1.5669599	1.19560099e-07	0.00187778473	5.61193403e-08
350.95928	1.5665233	9.5263033e-08	0.00187474489	5.63407525e-08
352.77517	1.5660857	6.49186731e-08	0.00187176466	5.65554998e-08
354.60994	1.5656474	3.48073925e-08	0.00186872482	5.6779097e-08
356.46387	1.5652086	2.63754316e-08	0.0018658042	5.70250833e-08
358.3373	1.5647696	4.07099314e-08	0.00186294317	5.72763525e-08
360.23054	1.5643307	5.93059291e-09	0.00186008215	5.7514697e-08
362.1439	1.5638921	-1.45066661e-08	0.00185722113	5.77575605e-08
364.07766	1.563454	-1.90983638e-08	0.00185447931	5.80046517e-08
366.0322	1.5630167	-1.29835174e-08	0.0018517375	5.82772088e-08
368.00786	1.5625802	-8.65051408e-09	0.00184899569	5.85554503e-08
370.00493	1.5621449	-5.54042003e-08	0.00184637308	5.88149263e-08
372.0238	1.5617108	-1.64520326e-08	0.00184369087	5.91073643e-08
374.06484	1.5612781	-3.53215874e-08	0.00184106827	5.93875207e-08
376.12839	1.560847	-1.11854774e-08	0.00183850527	6.12441653e-08
378.21482	1.5604175	6.061574e-08	0.00183594227	6.17583424e-08
380.32454	1.5599899	1.53276911e-08	0.00183337927	6.20276097e-08
382.45793	1.5595641	-7.36173433e-09	0.00183093548	6.2322826e-08
384.61538	1.5591403	-3.04939931e-08	0.00182849169	6.261903e-08
386.79731	1.5587186	-3.03024592e-08	0.0018261075	6.28003605e-08
389.00415	1.5582992	-4.17016501e-08	0.00182366371	6.31013535e-08
391.2363	1.5578818	-5.69142422e-08	0.00182139874	6.34208916e-08
393.49424	1.5574669	-5.37879039e-08	0.00181907415	6.37549391e-08
395.77837	1.5570543	-5.99063341e-08	0.00181680918	6.40996163e-08
398.08916	1.5566441	-7.20757001e-08	0.0018145442	6.44335145e-08
400.42712	1.5562365	-6.70152929e-08	0.00181233883	6.4727061e-08
402.7927	1.5558313	-6.35775166e-08	0.00181013346	6.5076037e-08
405.18638	1.5554287	-5.31744746e-08	0.00180798769	6.54224905e-08
407.60869	1.5550288	-5.79594612e-08	0.00180584192	6.57818617e-08
410.06016	1.5546315	-4.77694648e-08	0.00180369616	6.6146491e-08
412.54126	1.5542368	-5.14145277e-08	0.0018016696	6.64919568e-08
415.05259	1.5538448	-5.32938245e-08	0.00179958344	6.68752449e-08
417.59468	1.5534555	-5.09465643e-08	0.00179761648	6.72624054e-08
420.16807	1.5530689	-6.20403924e-08	0.00179564953	6.76603307e-08
422.77339	1.552685	-6.40236664e-08	0.00179362297	6.80065426e-08
425.41123	1.5523039	-4.61162522e-08	0.00179171562	6.84165542e-08
428.08218	1.5519254	-5.10184925e-08	0.00178980827	6.88158011e-08
430.78691	1.5515498	-5.82479771e-08	0.00178790092	6.95477453e-08
433.52603	1.5511769	-5.7398637e-08	0.00178605318	6.99599028e-08
436.3002	1.5508066	-5.18615728e-08	0.00178426504	7.0404397e-08
439.11006	1.5504391	-4.73483155e-08	0.0017824769	7.08556769e-08
441.9564	1.5500745	-4.10529211e-08	0.00178062916	7.11385937e-08
444.83984	1.5497124	-7.74575497e-08	0.00177890062	7.15613808e-08
447.76118	1.549353	-7.00186717e-08	0.00177717209	7.20279871e-08
450.72114	1.5489963	-5.66813476e-08	0.00177550316	7.25077456e-08
453.72051	1.5486424	-5.02279214e-08	0.00177377462	7.29954905e-08
456.76006	1.5482911	-5.77364077e-08	0.00177210569	7.34633687e-08
459.84058	1.5479424	-6.98283245e-08	0.00177049637	7.39575583e-08
462.96294	1.5475963	-6.04625541e-08	0.00176888704	7.4459912e-08
466.12803	1.547253	-7.61947234e-08	0.00176721811	7.49563398e-08
469.33667	1.5469121	-7.68098261e-08	0.00176566839	7.54663034e-08
472.58979	1.5465738	-7.40434416e-08	0.00176417828	7.59888579e-08
475.88833	1.5462379	-7.25541369e-08	0.00176262856	7.65128689e-08
479.2332	1.5459048	-7.92457158e-08	0.00176107883	7.70481847e-08
482.62549	1.5455741	-7.9413816e-08	0.00175952911	7.75992959e-08
486.06611	1.5452458	-7.25230791e-08	0.0017580986	7.81570719e-08
489.55615	1.5449198	-7.76341125e-08	0.00175666809	7.87135974e-08
493.09663	1.5445964	-8.55513562e-08	0.00175523758	7.92692774e-08
496.68872	1.5442753	-8.61237268e-08	0.00175380707	7.98535922e-08
500.33354	1.5439566	-9.42612104e-08	0.00175243616	8.04304605e-08
504.03228	1.5436401	-9.32990076e-08	0.00175106525	8.1021426e-08
507.78604	1.5433261	-9.34520088e-08	0.00174963474	8.16364292e-08
511.59619	1.5430142	-9.93417757e-08	0.00174838305	8.22475954e-08
515.46392	1.5427046	-8.24923987e-08	0.00174701214	8.28866291e-08
519.39058	1.5423971	-2.34541702e-08	0.00174576044	8.35763103e-08
523.37754	1.5420918	-4.88140515e-08	0.00174444914	8.41948307e-08
527.42617	1.5417887	-9.2239496e-08	0.00174319744	8.48053432e-08
531.53794	1.5414877	-8.96599914e-08	0.00174188614	8.54795204e-08
535.71431	1.5411887	-9.95791112e-08	0.00174069405	8.61453415e-08
539.95674	1.5408918	-1.03073859e-07	0.00173944235	8.68312071e-08
544.26704	1.5405967	-9.90359794e-08	0.00173825026	8.7528754e-08
548.64668	1.5403038	-9.96689735e-08	0.00173705816	8.82444624e-08
553.09736	1.5400126	-1.1122269e-07	0.00173592567	8.89656562e-08
557.6208	1.5397234	-1.06505091e-07	0.00173479319	8.97029224e-08
562.2189	1.5394361	-1.01016333e-07	0.00173360109	9.02393609e-08
566.89341	1.5391506	-1.02222209e-07	0.00173246861	9.0994142e-08
571.64639	1.5388666	-9.58077493e-08	0.00173145533	9.17682925e-08
576.47964	1.5385847	-9.84207063e-08	0.00173026323	9.25624732e-08
581.39541	1.5383043	-9.73375549e-08	0.00172919035	9.3353151e-08
586.39565	1.5380256	-1.09607555e-07	0.00172817707	9.41629423e-08
591.48262	1.5377485	-1.0152835e-07	0.00172710419	9.49860137e-08
596.65864	1.537473	-9.10275162e-08	0.00172609091	9.58360715e-08
601.92617	1.5371989	-9.20268874e-08	0.00172507763	9.44070138e-08
607.2874	1.5369264	-9.06350621e-08	0.00172406435	9.52656336e-08
612.74512	1.5366553	-9.87952546e-08	0.00172305107	9.6127053e-08
618.30171	1.5363857	-7.67467014e-08	0.0017220974	9.70215908e-08
623.96006	1.5361173	-7.65279324e-08	0.00172114372	9.79152404e-08
629.7229	1.5358503	-7.92160719e-08	0.00172019005	9.88327287e-08
635.59321	1.5355844	-7.36268433e-08	0.00171929598	9.97667229e-08
641.57397	1.5353199	-6.03575714e-08	0.0017183423	1.00749652e-07
647.66841	1.5350566	-5.73148888e-08	0.00171744823	1.01715351e-07
653.87969	1.5347943	-5.40113838e-08	0.00171655416	1.02687828e-07
660.21128	1.5345331	-6.62494983e-08	0.0017156601	1.03704679e-07
666.66665	1.5342729	-6.27509209e-08	0.00171482563	1.04717877e-07
673.24956	1.5340136	-7.22762792e-08	0.00171399117	1.05768784e-07
679.96372	1.5337553	-7.98662256e-08	0.0017131567	1.06816671e-07
686.81318	1.5334979	-8.5081858e-08	0.00171226263	1.07922389e-07
693.80205	1.5332413	-1.05582828e-07	0.00171148777	1.09006415e-07
700.93457	1.5329852	-1.03201657e-07	0.00171071291	1.10155902e-07
708.21528	1.53273	-1.08815854e-07	0.00170987844	1.1130161e-07
715.64888	1.5324754	-1.16622353e-07	0.00170916319	1.12500778e-07
723.24014	1.5322212	-1.01956623e-07	0.00170838833	1.13724631e-07
730.99414	1.5319675	-9.00266031e-08	0.00170767307	1.1496963e-07
738.91626	1.5317143	-8.52346673e-08	0.00170689821	1.16254505e-07
747.01196	1.5314615	-9.44512379e-08	0.00170618296	1.17545888e-07
755.28701	1.5312088	-7.59887442e-08	0.00170552731	1.18938601e-07
763.74746	1.5309564	-5.83817474e-08	0.00170475245	1.20353334e-07
772.39961	1.530704	-6.85317261e-08	0.0017041564	1.2184141e-07
781.25	1.5304517	-3.26089555e-08	0.00170350075	1.23445886e-07
790.30557	1.5301993	-2.30616557e-08	0.00170278549	1.25214427e-07
799.57358	1.5299467	-2.34485746e-08	0.00170218945	1.2727223e-07
809.06152	1.5296938	-2.0481135e-08	0.0017015934	1.29952994e-07
818.77729	1.5294409	-1.09902469e-08	0.00170093775	1.34165759e-07
828.7293	1.5291872	-3.06838999e-08	0.0017003417	1.42334855e-07
838.92617	1.528933	2.58140354e-08	0.00169980526	1.62183412e-07
849.37715	1.5286782	-3.01344549e-08	0.00169920921	2.0430808e-07
860.0917	1.5284225	-1.09887193e-08	0.00169873238	2.3744856e-07
871.08018	1.5281659	-3.25462466e-08	0.00169813633	1.36928449e-07
882.35293	1.5279082	-1.81736315e-08	0.00169765949	1.38993741e-07
893.92129	1.5276494	-8.67671304e-08	0.00169718266	1.40744163e-07
905.79707	1.5273892	-3.47574982e-08	0.00169670582	1.42586785e-07
917.99268	1.5271275	-4.43371526e-08	0.00169616938	1.44480452e-07
930.52109	1.5268639	-8.31306508e-08	0.00169581175	1.46395436e-07
943.39619	1.5265987	-6.29708552e-08	0.00169533491	1.48370404e-07
956.63262	1.5263313	-5.0945463e-08	0.00169497728	1.5040159e-07
970.2458	1.5260617	-4.43438601e-08	0.00169456005	1.52510339e-07
984.25195	1.5257895	-1.02952484e-07	0.00169414282	1.54615506e-07
998.66846	1.5255146	-1.07398641e-07	0.0016938448	1.56855805e-07
1013.5135	1.5252367	-4.75295359e-08	0.00169348717	1.59214196e-07
1028.8065	1.5249556	-5.10910887e-08	0.00169318914	1.62015041e-07
1044.5684	1.5246708	-4.9057288e-08	0.00169295073	1.64514589e-07
1060.8204	1.5243824	-5.44368319e-08	0.0016926527	1.67106407e-07
1077.5862	1.5240896	-5.48843566e-08	0.00169241428	1.6975595e-07
1094.8905	1.523792	-6.05745853e-08	0.00169229507	1.725045e-07
1112.7597	1.5234897	-4.62766714e-08	0.00169205666	1.75319528e-07
1131.2217	1.5231819	-6.26941556e-08	0.00169187784	1.78227964e-07
1150.3067	1.5228682	-7.30351175e-08	0.00169175863	1.81263587e-07
1170.0468	1.522548	-4.42365966e-08	0.00169163942	1.83980688e-07
1190.4762	1.5222207	-3.51844989e-08	0.00169157982	1.87201536e-07
1211.6317	1.5218859	-7.87555052e-08	0.00169157982	1.90987706e-07
1233.5527	1.5215427	-8.13896506e-08	0.00169157982	1.94451715e-07
1256.2814	1.5211903	-8.61822969e-08	0.00169163942	1.98071291e-07
1279.8635	1.520828	-1.01546782e-07	0.00169175863	2.02250163e-07
1304.3479	1.5204548	-1.18506271e-07	0.00169187784	2.01406024e-07
1329.7872	1.5200696	-1.37963085e-07	0.00169205666	2.04863966e-07
1356.2387	1.5196713	-1.53864605e-07	0.00169229507	2.08963172e-07
1383.7639	1.5192585	-1.47776277e-07	0.0016926527	2.13235836e-07
1412.4294	1.5188297	-1.09936465e-07	0.00169306993	2.17651674e-07
1442.3077	1.5183834	-1.55808152e-07	0.00169348717	2.22309041e-07
1473.4774	1.5179175	-1.99238158e-07	0.001693964	2.27155326e-07
1506.0241	1.5174299	-2.47122586e-07	0.00169456005	2.32215157e-07
1540.041	1.5169183	-2.41184267e-07	0.0016952157	2.42994048e-07
1575.6303	1.5163795	-3.60255399e-07	0.00169610977	2.53987167e-07
1612.9032	1.5158105	-4.20183881e-07	0.00169700384	2.59956238e-07
1651.9824	1.5152075	-3.32439441e-07	0.00169795752	2.66374826e-07
1693.0023	1.5145659	-3.27535474e-07	0.00169914961	2.73000978e-07
1736.1111	1.5138806	-2.6669332e-07	0.00170040131	2.80019975e-07
1781.4727	1.5131452	-1.78742511e-07	0.00170195103	2.81301453e-07
1829.2684	1.5123525	-1.03331502e-07	0.00170367956	2.88867255e-07
1879.6992	1.5114936	-2.44496494e-08	0.00170564651	2.96924327e-07
1932.9896	1.5105575	1.28844093e-07	0.00170779228	3.05441489e-07
1989.3898	1.5095313	2.59998728e-07	0.00171035528	3.14384948e-07
2049.1803	1.5083983	3.33517278e-07	0.0017132163	3.23882404e-07
2112.676	1.507138	5.22678249e-07	0.00171661377	3.33981831e-07
2180.2326	1.5057243	1.26891109e-06	0.00172054768	3.44776907e-07
2252.2523	1.5041234	2.05001766e-06	0.00172501802	3.56243902e-07
2329.1926	1.5022907	1.75181526e-06	0.00173044205	3.69060842e-07
2411.5756	1.5001669	2.2504762e-06	0.00173676014	3.82001474e-07
2500	1.4976697	4.07328389e-06	0.00174444914	3.96419068e-07
