nk Sub 4 mm Reflex mag/2017                                              
201
300	1.58331907	9.31395243e-06	0.00207775831	1.85214049e-08
301.32583	1.58272731	8.51301229e-06	0.00207191706	1.79006747e-08
302.663477	1.58214378	7.76218349e-06	0.00206631422	1.66401151e-08
304.012988	1.5815686	7.06820992e-06	0.00206065178	1.59973297e-08
305.374585	1.58100128	6.42725581e-06	0.00205516815	1.5476644e-08
306.748486	1.58044171	5.82674511e-06	0.00204974413	1.50491815e-08
308.134766	1.57989001	5.27033717e-06	0.0020442605	1.4700845e-08
309.533618	1.57934558	4.76195419e-06	0.00203889608	1.41642431e-08
310.945264	1.57880855	4.28921066e-06	0.00203371048	1.39255008e-08
312.369873	1.57827866	3.85453905e-06	0.00202858448	1.3727913e-08
313.807544	1.57775581	3.45306239e-06	0.00202345848	1.35634082e-08
315.258521	1.57723999	3.093651e-06	0.00201839209	1.34339189e-08
316.722974	1.57673061	2.75601496e-06	0.00201356411	1.34900802e-08
318.201123	1.57622826	2.46137915e-06	0.00200855732	1.32355353e-08
319.693091	1.57573223	2.19406184e-06	0.00200378895	1.31670959e-08
321.199146	1.57524252	1.95115445e-06	0.00199896097	1.31137767e-08
322.719434	1.57475924	1.71489398e-06	0.0019941926	1.30669946e-08
324.254224	1.57428193	1.51329925e-06	0.00198960304	1.30347075e-08
325.803662	1.5738107	1.33519859e-06	0.00198495388	1.3015665e-08
327.367944	1.57334542	1.17916557e-06	0.00198042393	1.30049784e-08
328.947388	1.57288563	1.01744331e-06	0.00197601318	1.2995315e-08
330.54209	1.5724318	8.91436457e-07	0.00197166204	1.30750948e-08
332.152344	1.57198358	7.83463975e-07	0.00196713209	1.30796991e-08
333.778369	1.57154083	6.71179805e-07	0.00196278095	1.30863498e-08
335.42041	1.57110333	5.90161108e-07	0.00195860863	1.31039712e-08
337.078662	1.57067108	5.05039054e-07	0.0019543767	1.31213937e-08
338.753369	1.57024407	4.3580215e-07	0.00195020437	1.31457654e-08
340.444873	1.56982207	3.74502093e-07	0.00194609165	1.31751676e-08
342.153296	1.56940508	3.12255935e-07	0.00194203854	1.32027651e-08
343.878955	1.56899297	2.67619924e-07	0.00193810463	1.32376954e-08
345.622119	1.56858575	2.29074246e-07	0.00193411112	1.32781182e-08
347.383057	1.5681833	1.93400581e-07	0.00193011761	1.3318683e-08
349.162012	1.56778538	1.58178551e-07	0.00192630291	1.33602569e-08
350.959277	1.56739211	1.3345128e-07	0.001922369	1.34063818e-08
352.775171	1.56700313	1.08001416e-07	0.00191873312	1.34519382e-08
354.609937	1.5666188	8.95467096e-08	0.00191497803	1.3501996e-08
356.463867	1.56623864	7.82580329e-08	0.00191128254	1.35552014e-08
358.337305	1.56586289	6.16302458e-08	0.00190752745	1.36080924e-08
360.230566	1.56549108	5.24172918e-08	0.00190395117	1.36635361e-08
362.143896	1.56512356	4.04605842e-08	0.00190043449	1.37196619e-08
364.077661	1.56476009	3.32732668e-08	0.00189685822	1.3775959e-08
366.032227	1.56440032	2.7176549e-08	0.00189340115	1.38375835e-08
368.007861	1.56404483	1.41926844e-08	0.00188994408	1.38936525e-08
370.004932	1.56369317	2.22464394e-08	0.00188648701	1.39617971e-08
372.023804	1.56334496	1.95438368e-08	0.00188314915	1.40230973e-08
374.064819	1.56300056	1.90531573e-08	0.00187981129	1.40864085e-08
376.128394	1.56265986	2.97898044e-08	0.00187665224	1.41572887e-08
378.214819	1.56232297	2.59553001e-08	0.00187319517	1.42223406e-08
380.324561	1.56198943	2.81054788e-08	0.00187003613	1.42907473e-08
382.457935	1.56165934	2.59451785e-08	0.00186681747	1.43584877e-08
384.615381	1.5613327	2.12832756e-08	0.00186365843	1.4424316e-08
386.797314	1.56100941	1.10600666e-08	0.00186049938	1.44919943e-08
389.004126	1.56068945	3.08734238e-09	0.00185745955	1.45607633e-08
391.236304	1.56037283	-2.52977839e-09	0.0018543601	1.46308361e-08
393.494214	1.56005943	-7.6096045e-09	0.00185132027	1.47027492e-08
395.778394	1.55974889	-1.07307523e-08	0.00184839964	1.47747965e-08
398.089185	1.55944169	-1.21403154e-08	0.00184541941	1.48510093e-08
400.427124	1.55913758	-1.34417171e-08	0.00184249878	1.49251882e-08
402.7927	1.55883634	-1.4636929e-08	0.00183957815	1.50007313e-08
405.186377	1.55853808	-1.58602784e-08	0.00183677673	1.5078534e-08
407.608691	1.5582428	-1.47297268e-08	0.00183391571	1.51591273e-08
410.060156	1.5579505	-1.61813283e-08	0.00183105469	1.52382533e-08
412.54126	1.55766094	-1.23278605e-08	0.00182831287	1.53218949e-08
415.052539	1.55737412	-1.34980951e-08	0.00182557106	1.54052611e-08
417.594678	1.55709004	-1.48172701e-08	0.00182282925	1.5487915e-08
420.168066	1.55680883	-1.32996627e-08	0.00182014704	1.55740416e-08
422.773389	1.55653	-8.50802007e-09	0.00181752443	1.56603246e-08
425.41123	1.55625403	-9.95395588e-09	0.00181484222	1.57488458e-08
428.082178	1.55598056	-1.10729035e-08	0.00181221962	1.58340896e-08
430.786865	1.55570972	-1.154336e-08	0.00180959702	1.592554e-08
433.526025	1.55544114	-1.16674563e-08	0.00180715322	1.60173492e-08
436.300195	1.55517519	-1.12254366e-08	0.00180459023	1.6109432e-08
439.110059	1.55491173	-1.04279101e-08	0.00180214643	1.62023692e-08
441.956396	1.55465043	-1.16473986e-08	0.00179976225	1.62965073e-08
444.839893	1.55439186	-1.57115352e-08	0.00179713964	1.63914073e-08
447.761182	1.5541352	-1.20190711e-08	0.00179481506	1.64908851e-08
450.721143	1.55388117	-1.54001345e-08	0.00179231167	1.65889205e-08
453.720508	1.55362916	-1.69453891e-08	0.00178998709	1.66898246e-08
456.760059	1.55337942	-1.89133367e-08	0.0017876029	1.67907714e-08
459.840576	1.55313194	-2.14424478e-08	0.00178533792	1.68939138e-08
462.962939	1.55288672	-2.24551986e-08	0.00178295374	1.70008185e-08
466.128027	1.55264354	-2.3103949e-08	0.00178062916	1.71047176e-08
469.33667	1.55240226	-2.51306034e-08	0.00177848339	1.72124075e-08
472.589746	1.55216324	-2.74679905e-08	0.00177621841	1.73215504e-08
475.88833	1.55192626	-2.83531509e-08	0.00177401304	1.74316952e-08
479.233252	1.55169141	-2.85845179e-08	0.00177174807	1.75472081e-08
482.625488	1.55145824	-3.09868398e-08	0.00176954269	1.7660895e-08
486.066113	1.55122721	-2.90812014e-08	0.00176751614	1.77773707e-08
489.556104	1.55099797	-3.20247295e-08	0.00176537037	1.789682e-08
493.096631	1.55077076	-2.97446281e-08	0.0017632246	1.80170865e-08
496.688721	1.55054533	-3.35415571e-08	0.00176113844	1.81380937e-08
500.333545	1.55032158	-3.34000099e-08	0.00175923109	1.82603248e-08
504.032275	1.55009997	-3.241923e-08	0.00175708532	1.8390903e-08
507.786035	1.54987991	-3.40128707e-08	0.00175505877	1.85168467e-08
511.596191	1.54966176	-3.71163971e-08	0.00175303221	1.86473823e-08
515.463916	1.54944527	-3.77197935e-08	0.00175106525	1.87783904e-08
519.390576	1.54923046	-3.93932638e-08	0.0017490983	1.8909514e-08
523.377539	1.54901719	-3.97621918e-08	0.00174719095	1.90470608e-08
527.426172	1.54880583	-3.85815397e-08	0.0017452836	1.91875849e-08
531.537939	1.54859591	-3.8302673e-08	0.00174349546	1.93276257e-08
535.714258	1.54838789	-4.09661602e-08	0.0017414093	1.94701837e-08
539.956738	1.54818118	-4.16844443e-08	0.00173962116	1.96164329e-08
544.267041	1.54797626	-4.2045464e-08	0.00173777342	1.97670431e-08
548.646631	1.54777253	-4.15863823e-08	0.00173604488	1.99159729e-08
553.097266	1.54757059	-4.21979358e-08	0.00173419714	2.00687378e-08
557.620752	1.54736996	-3.94941075e-08	0.001732409	2.02282653e-08
562.218848	1.54717088	-3.94979978e-08	0.00173062086	2.03868886e-08
566.893408	1.54697335	-3.63856394e-08	0.00172883272	2.05496438e-08
571.646387	1.54677725	-3.3162987e-08	0.00172710419	2.07128519e-08
576.47959	1.54658234	-2.99862215e-08	0.00172543526	2.0882128e-08
581.39541	1.54638898	-2.87739415e-08	0.00172370672	2.10514415e-08
586.395654	1.54619682	-2.68276601e-08	0.0017220974	2.12280842e-08
591.482617	1.54600608	-2.35220714e-08	0.00172042847	2.14049898e-08
596.658643	1.54581666	-1.97850198e-08	0.00171869993	2.15844835e-08
601.926172	1.54562843	-1.68262133e-08	0.00171726942	2.18213252e-08
607.287402	1.54544151	-1.29536231e-08	0.0017156601	2.19581135e-08
612.74502	1.5452559	-1.32702613e-08	0.00171411037	2.21471836e-08
618.30166	1.5450716	-6.27528207e-09	0.00171244144	2.23421814e-08
623.960059	1.54488838	-3.87533472e-09	0.00171089172	2.25439063e-08
629.7229	1.54470646	-2.01528305e-09	0.00170940161	2.27458656e-08
635.593262	1.54452562	3.42396844e-09	0.00170785189	2.29514914e-08
641.573975	1.54434586	9.30894384e-09	0.00170642138	2.31630395e-08
647.668408	1.54416716	8.57645421e-09	0.00170499086	2.33787105e-08
653.879688	1.54398978	1.41052441e-08	0.00170350075	2.35996342e-08
660.211279	1.54381347	1.91442719e-08	0.00170195103	2.38199256e-08
666.66665	1.54363799	2.32184192e-08	0.00170069933	2.40495996e-08
673.249463	1.54346359	2.53981192e-08	0.00169932842	2.42809861e-08
679.963672	1.54329038	2.79262213e-08	0.00169789791	2.45194371e-08
686.813086	1.543118	3.6262243e-08	0.001696527	2.47618814e-08
693.802002	1.54294658	3.888211e-08	0.0016952157	2.5010797e-08
700.934473	1.54277635	4.32692531e-08	0.0016938448	2.52648e-08
708.215234	1.54260671	5.10073264e-08	0.0016925931	2.55901753e-08
715.648828	1.54243815	5.50211112e-08	0.0016912818	2.58608974e-08
723.240137	1.54227042	6.27203107e-08	0.00168997049	2.61325397e-08
730.994092	1.54210329	6.85569859e-08	0.00168889761	2.64123745e-08
738.91626	1.54193747	8.11315104e-08	0.0016875267	2.67071485e-08
747.011914	1.54177225	8.8010772e-08	0.00168633461	2.70060987e-08
755.286963	1.54160762	9.71866072e-08	0.00168520212	2.73128418e-08
763.747363	1.54144394	1.05024625e-07	0.00168401003	2.76373324e-08
772.399561	1.54128098	1.14898761e-07	0.00168287754	2.7972936e-08
781.249902	1.54111862	1.31621547e-07	0.00168180466	2.83388815e-08
790.305518	1.54095709	1.38893299e-07	0.00168067217	2.87395743e-08
799.573438	1.54079592	1.51360169e-07	0.00167971849	2.92181461e-08
809.061426	1.54063559	1.68159374e-07	0.00167864561	2.9840411e-08
818.777246	1.54047596	1.72576492e-07	0.00167745352	3.08055021e-08
828.729297	1.54031658	1.92179698e-07	0.00167655945	3.27165566e-08
838.926172	1.54015779	1.99514261e-07	0.00167560577	3.73374434e-08
849.377148	1.53999972	2.12329695e-07	0.00167453289	4.71778101e-08
860.091699	1.53984189	2.1170672e-07	0.00167363882	5.49094707e-08
871.080176	1.53968441	2.34545212e-07	0.00167280436	3.14456727e-08
882.352832	1.53952742	2.45386133e-07	0.00167191029	3.18557341e-08
893.921191	1.53937089	2.55891194e-07	0.00167101622	3.21820437e-08
905.796973	1.53921437	2.69152906e-07	0.00167030096	3.26175496e-08
917.99248	1.53905833	2.79699378e-07	0.0016695261	3.30598695e-08
930.520996	1.5389024	2.86106797e-07	0.00166875124	3.35109505e-08
943.395996	1.53874671	2.86129278e-07	0.00166791677	3.39761002e-08
956.63252	1.53859115	2.9310516e-07	0.00166726112	3.44504585e-08
970.245703	1.53843558	3.03668202e-07	0.00166654587	3.50462344e-08
984.251953	1.53827989	3.09158395e-07	0.00166600943	3.55577399e-08
998.668359	1.53812432	3.2785448e-07	0.00166529417	3.6093283e-08
1013.51348	1.53796852	3.3442808e-07	0.00166481733	3.66334376e-08
1028.80645	1.53781259	3.40730082e-07	0.00166422129	3.71947664e-08
1044.56816	1.53765631	3.47535121e-07	0.00166380405	3.77695528e-08
1060.82021	1.53749967	3.5273797e-07	0.00166338682	3.83620176e-08
1077.58613	1.53734279	3.57994708e-07	0.00166290998	3.88637602e-08
1094.89033	1.53718531	3.61646386e-07	0.00166261196	3.94992981e-08
1112.75947	1.53702712	3.65467145e-07	0.00166225433	4.01561522e-08
1131.22168	1.53686821	3.70489659e-07	0.00166201591	4.08376764e-08
1150.30654	1.53670847	3.72754755e-07	0.0016617775	4.15402326e-08
1170.04688	1.5365479	3.73365424e-07	0.00166165829	4.22651993e-08
1190.47617	1.53638601	3.81297582e-07	0.00166159868	4.30203215e-08
1211.63154	1.53622282	3.74500502e-07	0.00166159868	4.38034107e-08
1233.55244	1.53605843	3.68113717e-07	0.00166171789	4.4612392e-08
1256.28145	1.53589237	3.67102047e-07	0.0016617775	4.54538309e-08
1279.86348	1.53572452	4.12695243e-07	0.00166201591	4.63474521e-08
1304.34766	1.53555453	3.48216787e-07	0.00166225433	4.72423949e-08
1329.78691	1.53538227	3.37097418e-07	0.00166279078	4.81955453e-08
1356.23818	1.53520763	3.15987222e-07	0.0016630888	4.91836971e-08
1383.76367	1.53502989	3.33011542e-07	0.00166380405	5.02235338e-08
1412.4291	1.53484905	3.76756674e-07	0.00166451931	4.99158972e-08
1442.30732	1.53466475	3.31308684e-07	0.00166535378	5.10342062e-08
1473.47676	1.53447628	2.72500472e-07	0.00166630745	5.22108436e-08
1506.02383	1.53428316	2.36607448e-07	0.00166749954	5.34278897e-08
1540.04062	1.53408515	2.15426155e-07	0.00166875124	5.47104229e-08
1575.63027	1.53388119	2.04888977e-07	0.00167036057	5.60620492e-08
1612.90303	1.53367078	2.00719001e-07	0.0016720295	5.74793297e-08
1651.98203	1.53345287	1.93104086e-07	0.00167399645	5.89723506e-08
1693.00156	1.53322673	2.42197871e-07	0.00167626143	6.21119582e-08
1736.11113	1.53299069	3.06915496e-07	0.00167876482	6.38374118e-08
1781.47227	1.53274369	3.71675355e-07	0.00168162584	6.56692265e-08
1829.26758	1.53248394	4.4487021e-07	0.0016849041	6.7621599e-08
1879.69824	1.53220928	5.12615486e-07	0.00168853998	6.96916658e-08
1932.98945	1.53191745	6.27541453e-07	0.00169277191	7.18762863e-08
1989.38945	1.53160524	7.12084443e-07	0.00169765949	7.42336113e-08
2049.18066	1.53126884	1.02107958e-06	0.00170320272	7.69057067e-08
2112.67598	1.53090394	9.89122555e-07	0.00170946121	7.96005963e-08
2180.23203	1.53050399	1.7020252e-06	0.00171691179	8.27801614e-08
2252.25137	1.53006184	2.32736534e-06	0.00172537565	8.61761009e-08
2329.19258	1.52956676	2.0989803e-06	0.00173562765	8.95971652e-08
2411.5752	1.52900565	2.48355832e-06	0.00174760818	9.35734761e-08
2500.0000	1.52835977	3.60779677e-06	0.00176215172	9.82083748e-08
