nk Sub 0.95 mm Reflex mag/2017                                              
201
300	1.60486603	1.41091141e-05	0.00229609013	5.92613105e-08
301.32583	1.60401213	1.29047539e-05	0.00227475166	5.86946953e-08
302.663477	1.60317028	1.17594836e-05	0.00225400925	5.89279807e-08
304.012988	1.60233998	1.07090545e-05	0.00223386288	5.84473128e-08
305.374585	1.60152113	9.79780361e-06	0.00221419334	5.80553206e-08
306.748486	1.60071361	8.88630348e-06	0.00219506025	5.76851562e-08
308.134766	1.59991682	8.05094533e-06	0.00217664242	5.73645593e-08
309.533618	1.59913099	7.31304635e-06	0.00215852261	5.70532848e-08
310.945264	1.59835553	6.60953219e-06	0.00214105844	5.68772975e-08
312.369873	1.59759045	5.94255243e-06	0.00212407112	5.7106945e-08
313.807544	1.59683537	5.37351389e-06	0.00210750103	5.69300482e-08
315.258521	1.59609056	4.80789868e-06	0.00209122896	5.6761337e-08
316.722974	1.59535515	4.28873227e-06	0.00207567215	5.66167273e-08
318.201123	1.59462929	3.87858563e-06	0.00206047297	5.65449909e-08
319.693091	1.59391296	3.46289994e-06	0.0020455122	5.64645006e-08
321.199146	1.59320557	3.14346039e-06	0.00203120708	5.64371021e-08
322.719434	1.59250724	2.68955341e-06	0.00201714039	5.60829676e-08
324.254224	1.59181774	2.4177134e-06	0.00200355053	5.60830813e-08
325.803662	1.59113693	2.08240408e-06	0.00199025869	5.58530928e-08
327.367944	1.59046459	1.86691807e-06	0.00197732449	5.59249429e-08
328.947388	1.58980072	1.5943989e-06	0.00196474791	5.59928708e-08
330.54209	1.58914471	1.40117697e-06	0.00195252895	5.63068738e-08
332.152344	1.58849704	1.21192465e-06	0.00194060802	5.64054972e-08
333.778369	1.58785713	1.02295212e-06	0.00192898512	5.64999709e-08
335.42041	1.58722484	9.02867043e-07	0.00191771984	5.66274991e-08
337.078662	1.58660042	7.47093566e-07	0.00190663338	5.67415555e-08
338.753369	1.58598328	6.58826991e-07	0.00189602375	5.68931284e-08
340.444873	1.5853734	5.55169777e-07	0.00188559294	5.70451988e-08
342.153296	1.58477092	4.08372358e-07	0.00187546015	5.71790082e-08
343.878955	1.58417547	3.49088964e-07	0.00186550617	5.73558836e-08
345.622119	1.58358693	2.95161414e-07	0.00185590982	5.73536809e-08
347.383057	1.58300519	2.03652249e-07	0.0018466115	5.75332315e-08
349.162012	1.58243012	1.68407141e-07	0.00183749199	5.78875259e-08
350.959277	1.58186173	1.05569661e-07	0.0018286705	5.80739972e-08
352.775171	1.5812999	7.57240812e-08	0.00181996822	5.84395643e-08
354.609937	1.58074427	5.40556897e-08	0.00181162357	5.84981983e-08
356.463867	1.58019483	4.06887857e-08	0.00180351734	5.87139866e-08
358.337305	1.57965159	2.97081226e-09	0.00179553032	5.89311107e-08
360.230566	1.57911468	-5.71999914e-09	0.00178766251	5.91610174e-08
362.143896	1.57858348	-2.6142942e-08	0.00178015232	5.93850515e-08
364.077661	1.57805824	-4.42360708e-08	0.00177282095	5.96246394e-08
366.032227	1.57753873	-5.67340699e-08	0.00176560879	5.98706364e-08
368.007861	1.5770247	-6.73205776e-08	0.00175869465	6.01107786e-08
370.004932	1.57651639	-6.61235688e-08	0.00175189972	6.03804438e-08
372.023804	1.57601368	-5.42632073e-08	0.0017452836	6.06422503e-08
374.064819	1.5755161	-6.94672622e-08	0.00173890591	6.09038935e-08
376.128394	1.57502425	-4.62871732e-08	0.00173252821	6.11829378e-08
378.214819	1.57453716	-6.68859954e-08	0.00172656775	6.14497964e-08
380.324561	1.57405531	-5.4897864e-08	0.00172060728	6.17362446e-08
382.457935	1.57357872	-6.10414546e-08	0.00171482563	6.20178326e-08
384.615381	1.573107	-6.82305696e-08	0.00170916319	6.23050056e-08
386.797314	1.57264018	-8.64335163e-08	0.00170367956	6.26051602e-08
389.004126	1.57217824	-9.2457185e-08	0.00169831514	6.2901961e-08
391.236304	1.57172096	-1.0752143e-07	0.00169318914	6.32022861e-08
393.494214	1.57126844	-1.17859571e-07	0.00168806314	6.35184279e-08
395.778394	1.57082033	-1.23962707e-07	0.00168323517	6.38276987e-08
398.089185	1.57037699	-1.1986026e-07	0.00167840719	6.41506972e-08
400.427124	1.56993794	-1.18287424e-07	0.00167381763	6.44852918e-08
402.7927	1.56950331	-1.26462552e-07	0.00166928768	6.48235741e-08
405.186377	1.56907308	-1.2900837e-07	0.00166487694	6.51647625e-08
407.608691	1.56864703	-1.28397332e-07	0.00166070461	6.55040182e-08
410.060156	1.56822526	-1.4214676e-07	0.00165647268	6.58392949e-08
412.54126	1.56780767	-1.26050196e-07	0.00165241957	6.62074058e-08
415.052539	1.56739414	-1.40730293e-07	0.00164842606	6.65558133e-08
417.594678	1.56698465	-1.39410844e-07	0.00164455175	6.69204923e-08
420.168066	1.56657898	-1.34841045e-07	0.00164097548	6.72864005e-08
422.773389	1.56617737	-1.16542651e-07	0.00163733959	6.76792951e-08
425.41123	1.56577957	-1.21271555e-07	0.00163376331	6.80500776e-08
428.082178	1.56538534	-1.3010316e-07	0.00163042545	6.84337351e-08
430.786865	1.56499517	-1.23220559e-07	0.00162708759	6.88316391e-08
433.526025	1.56460857	-1.31198561e-07	0.00162380934	6.92290314e-08
436.300195	1.56422567	-1.31686264e-07	0.0016207099	6.96336784e-08
439.110059	1.56384623	-1.30051745e-07	0.00161767006	7.0042006e-08
441.956396	1.56347036	-1.32328154e-07	0.00161474943	7.04593788e-08
444.839893	1.56309783	-1.44408205e-07	0.00161194801	7.08944725e-08
447.761182	1.562729	-1.28840128e-07	0.0016091466	7.13226598e-08
450.721143	1.56236351	-1.38575075e-07	0.00160634518	7.17568014e-08
453.720508	1.56200123	-1.52863493e-07	0.00160384178	7.219559e-08
456.760059	1.56164229	-1.46234285e-07	0.00160133839	7.2655844e-08
459.840576	1.56128657	-1.44800183e-07	0.0015988946	7.3120539e-08
462.962939	1.56093407	-1.65705828e-07	0.00159651041	7.35727568e-08
466.128027	1.56058466	-1.55279878e-07	0.00159418583	7.40547108e-08
469.33667	1.56023848	-1.60253862e-07	0.00159192085	7.45394644e-08
472.589746	1.5598954	-1.61732615e-07	0.00158977509	7.50255325e-08
475.88833	1.55955517	-1.59046749e-07	0.00158774853	7.55264722e-08
479.233252	1.55921817	-1.75365983e-07	0.00158560276	7.60184804e-08
482.625488	1.55888402	-1.67211425e-07	0.00158369541	7.65402888e-08
486.066113	1.5585525	-1.53218281e-07	0.00158196688	7.70703252e-08
489.556104	1.55822432	-1.67098364e-07	0.00157999992	7.75905562e-08
493.096631	1.55789876	-1.73399954e-07	0.00157821178	7.81310447e-08
496.688721	1.55757606	-1.68850733e-07	0.00157654285	7.86729402e-08
500.333545	1.5572561	-1.66706954e-07	0.00157493353	7.92278527e-08
504.032275	1.55693889	-1.66416427e-07	0.0015733242	7.98061919e-08
507.786035	1.55662429	-1.71213188e-07	0.00157189369	8.03649485e-08
511.596191	1.55631232	-1.80527152e-07	0.00157040358	8.09570153e-08
515.463916	1.55600321	-1.8454061e-07	0.00156891346	8.15493806e-08
519.390576	1.55569637	-2.02911494e-07	0.00156766176	8.00773918e-08
523.377539	1.55539238	-1.93468424e-07	0.00156623125	8.06667089e-08
527.426172	1.55509067	-1.88597085e-07	0.00156503916	8.12759424e-08
531.537939	1.55479169	-1.93736241e-07	0.00156384706	8.190095e-08
535.714258	1.55449498	-2.00529399e-07	0.00156271458	8.25244655e-08
539.956738	1.55420077	-2.06876251e-07	0.00156164169	8.31547879e-08
544.267041	1.55390894	-1.93218369e-07	0.00156056881	8.38179801e-08
548.646631	1.5536195	-2.05084859e-07	0.00155961514	8.44901535e-08
553.097266	1.55333245	-2.1036432e-07	0.00155866146	8.51571755e-08
557.620752	1.55304766	-2.04674237e-07	0.00155776739	8.58381881e-08
562.218848	1.55276513	-2.0402895e-07	0.00155687332	8.65319336e-08
566.893408	1.55248475	-2.115559e-07	0.00155615807	8.72552235e-08
571.646387	1.55220675	-1.96464384e-07	0.00155538321	8.79742004e-08
576.47959	1.5519309	-2.01588648e-07	0.00155466795	8.87120137e-08
581.39541	1.55165732	-1.91802755e-07	0.00155395269	8.94557743e-08
586.395654	1.55138576	-1.9196591e-07	0.00155323744	9.0219288e-08
591.482617	1.55111635	-1.88850606e-07	0.0015527606	9.09850115e-08
596.658643	1.55084908	-1.79900837e-07	0.00155210495	9.17765135e-08
601.926172	1.55058396	-1.74329173e-07	0.00155156851	9.25908736e-08
607.287402	1.55032063	-1.79344681e-07	0.00155127048	9.339999e-08
612.74502	1.55005944	-1.76060553e-07	0.00155085325	9.42409883e-08
618.30166	1.54980016	-1.63844973e-07	0.00155043602	9.51001553e-08
623.960059	1.54954302	-1.62953754e-07	0.00155007839	9.59641753e-08
629.7229	1.54928768	-1.67493184e-07	0.00154972076	9.68458878e-08
635.593262	1.54903448	-1.62983781e-07	0.00154948235	9.77568675e-08
641.573975	1.54878294	-1.57396244e-07	0.00154930353	9.86609336e-08
647.668408	1.54853344	-1.60600649e-07	0.00154906511	9.95995322e-08
653.879688	1.5482856	-1.47824636e-07	0.0015489459	1.0056371e-07
660.211279	1.54803979	-1.48531953e-07	0.00154882669	1.01531548e-07
666.66665	1.54779565	-1.44137118e-07	0.00154870749	1.02524893e-07
673.249463	1.54755354	-1.37163525e-07	0.00154858828	1.03541844e-07
679.963672	1.54731297	-1.36309097e-07	0.00154864788	1.04588665e-07
686.813086	1.54707408	-1.34326086e-07	0.00154876709	1.0564969e-07
693.802002	1.54683709	-1.28059128e-07	0.00154882669	1.06719341e-07
700.934473	1.54660177	-1.17343539e-07	0.0015488863	1.07829223e-07
708.215234	1.54636812	-1.24091201e-07	0.0015489459	1.08960862e-07
715.648828	1.54613614	-1.19302385e-07	0.00154918432	1.1012029e-07
723.240137	1.54590559	-1.09896249e-07	0.00154948235	1.11315408e-07
730.994092	1.54567707	-1.04135033e-07	0.00154966116	1.12536497e-07
738.91626	1.54544997	-7.1110378e-08	0.00154989958	1.1377962e-07
747.011914	1.54522443	-7.98061421e-08	0.0015501976	1.15067223e-07
755.286963	1.54500043	-4.79862692e-08	0.00155049562	1.16406525e-07
763.747363	1.54477799	-3.41268063e-08	0.00155097246	1.17792112e-07
772.399561	1.54455721	-3.94096311e-08	0.00155138969	1.19249293e-07
781.249902	1.54433775	-1.4194014e-08	0.00155186653	1.20821539e-07
790.305518	1.54411995	5.00465136e-09	0.00155234337	1.22569247e-07
799.573438	1.54390347	-1.6731565e-09	0.00155287981	1.24633488e-07
809.061426	1.54368854	3.70506896e-08	0.00155347586	1.27320462e-07
818.777246	1.54347491	-1.25172517e-09	0.00155413151	1.31558721e-07
828.729297	1.54326284	6.99613096e-08	0.00155472755	1.39904159e-07
838.926172	1.54305232	9.33893034e-08	0.00155538321	1.60193736e-07
849.377148	1.54284286	9.78236585e-08	0.00155615807	2.03423198e-07
860.091699	1.54263484	2.90640099e-08	0.00155699253	2.37333225e-07
871.080176	1.54242837	1.20422612e-07	0.00155770779	1.3414865e-07
882.352832	1.54222298	1.30972026e-07	0.00155860186	1.35899597e-07
893.921191	1.54201901	1.30154262e-07	0.00155961514	1.37711766e-07
905.796973	1.54181623	1.48384089e-07	0.0015605092	1.39564165e-07
917.99248	1.54161489	1.53723093e-07	0.00156158209	1.41450997e-07
930.520996	1.54141462	1.49899833e-07	0.00156265497	1.43431748e-07
943.395996	1.54121566	1.1767024e-07	0.00156366825	1.45438634e-07
956.63252	1.54101813	1.1226836e-07	0.00156474113	1.4750843e-07
970.245703	1.54082155	1.26309487e-07	0.00156599283	1.49662583e-07
984.251953	1.54062617	1.26916788e-07	0.00156736374	1.51862565e-07
998.668359	1.5404321	1.87846638e-07	0.00156855583	1.54094352e-07
1013.51348	1.5402391	1.94722631e-07	0.00156986713	1.56426538e-07
1028.80645	1.54004705	2.01468893e-07	0.00157141685	1.58826609e-07
1044.56816	1.5398562	1.98556577e-07	0.00157284737	1.61303092e-07
1060.82021	1.53966641	1.96781372e-07	0.00157439709	1.63873253e-07
1077.58613	1.53947771	1.99930923e-07	0.00157606602	1.66499859e-07
1094.89033	1.53929007	1.96605498e-07	0.00157779455	1.69233047e-07
1112.75947	1.53910351	1.94869074e-07	0.00157946348	1.72026603e-07
1131.22168	1.53891766	1.92228185e-07	0.00158154964	1.74940681e-07
1150.30654	1.53873289	1.87084993e-07	0.00158345699	1.77959407e-07
1170.04688	1.53854918	1.80860084e-07	0.00158548355	1.81084744e-07
1190.47617	1.53836644	1.92004407e-07	0.00158756971	1.84314715e-07
1211.63154	1.53818429	1.62011389e-07	0.00158989429	1.87644275e-07
1233.55244	1.53800333	1.60323268e-07	0.00159209967	1.91140046e-07
1256.28145	1.53782272	1.27543416e-07	0.00159472227	1.94743521e-07
1279.86348	1.53764319	-5.89730291e-08	0.00159734488	1.98520397e-07
1304.34766	1.5374645	6.2704224e-08	0.00159996748	2.02393991e-07
1329.78691	1.53728604	3.54752352e-08	0.00160306692	2.06432134e-07
1356.23818	1.53710854	-1.82090485e-08	0.00160604715	2.10646206e-07
1383.76367	1.53693175	-7.5137585e-09	0.00160932541	2.15034063e-07
1412.4291	1.53675532	3.79172e-08	0.00161272287	2.19587463e-07
1442.30732	1.53657937	-5.68848044e-08	0.00161641836	2.24386611e-07
1473.47676	1.53640389	-1.76893096e-07	0.00162029266	2.29382067e-07
1506.02383	1.5362289	-2.39885821e-07	0.00162434578	2.34602538e-07
1540.04062	1.5360539	-3.0499865e-07	0.00162881613	2.40098018e-07
1575.63027	1.53587925	-3.55186444e-07	0.00163340569	2.45835309e-07
1612.90303	1.53570461	-3.96382404e-07	0.00163847208	2.51823536e-07
1651.98203	1.53552997	-3.76521768e-07	0.0016438961	2.58109168e-07
1693.00156	1.53535497	-4.2403795e-07	0.00164979696	2.64811206e-07
1736.11113	1.53517973	-3.59633418e-07	0.00165611506	2.71809256e-07
1781.47227	1.5350039	-3.27896231e-07	0.00166302919	2.79155415e-07
1829.26758	1.53482723	-2.49805993e-07	0.00167053938	2.86953934e-07
1879.69824	1.53464961	-1.32303001e-07	0.00167876482	2.95157434e-07
1932.98945	1.53447056	-1.62049673e-07	0.00168788433	3.03979618e-07
1989.38945	1.5342896	-9.06052762e-08	0.00169795752	3.13273972e-07
2049.18066	1.53410649	8.87641079e-07	0.00170916319	3.23161402e-07
2112.67598	1.53392041	1.47426022e-07	0.00172179937	3.33820338e-07
2180.23203	1.53373075	8.72933924e-07	0.00173592567	3.45200533e-07
2252.25137	1.53353631	1.51001962e-06	0.00175213814	3.57291924e-07
2329.19258	1.53333592	1.08052643e-06	0.001770854	3.70560485e-07
2411.5752	1.5331279	1.5104622e-06	0.00179260969	3.8478953e-07
2500.0000	1.53290951	2.61788887e-06	0.00181829929	4.00199042e-07
