nk IbridOne by Tn&Rn with exp film tin side 19/mag/2017                     
  201
300	1.55614054	1.41697783e-05	0.00245851278	5.96346581e-08
301.32583	1.55578232	1.29638165e-05	0.00243711472	5.901029e-08
302.663477	1.55543339	1.18169728e-05	0.00241625309	5.84741429e-08
304.012988	1.55509293	1.07663391e-05	0.00239604712	5.86755959e-08
305.374585	1.55476141	9.85342558e-06	0.00237613916	5.82367647e-08
306.748486	1.55443764	8.94030745e-06	0.00235694647	5.84177542e-08
308.134766	1.55412185	8.10339679e-06	0.0023381114	5.80380402e-08
309.533618	1.5538137	7.36420952e-06	0.00231975317	5.77947503e-08
310.945264	1.55351281	6.65921698e-06	0.00230187178	5.75907961e-08
312.369873	1.55321908	5.99085979e-06	0.00228440762	5.73884336e-08
313.807544	1.5529319	5.42047519e-06	0.00226730108	5.7253601e-08
315.258521	1.55265152	4.85352939e-06	0.00225073099	5.67363259e-08
316.722974	1.55237722	4.33307514e-06	0.00223445892	5.66719791e-08
318.201123	1.55210912	3.92162747e-06	0.00221860409	5.66490144e-08
319.693091	1.55184698	3.50467553e-06	0.00220310688	5.66285507e-08
321.199146	1.55159056	3.1840043e-06	0.00218802691	5.6650606e-08
322.719434	1.55133951	2.72884199e-06	0.00217330456	5.66237759e-08
324.254224	1.55109394	2.45581577e-06	0.00215876102	5.66742528e-08
325.803662	1.55085349	2.11983343e-06	0.00214469433	5.67258667e-08
327.367944	1.55061817	1.90317212e-06	0.00213086605	5.68063001e-08
328.947388	1.5503875	1.62947174e-06	0.0021173954	5.68608698e-08
330.54209	1.55016184	1.43513353e-06	0.00210404396	5.69817189e-08
332.152344	1.54994047	1.24473604e-06	0.00209116936	5.70664156e-08
333.778369	1.54972351	1.05467598e-06	0.00207859278	5.71920111e-08
335.42041	1.54951084	9.33487513e-07	0.00206625462	5.7326389e-08
337.078662	1.54930246	7.76669992e-07	0.00205409527	5.74685828e-08
338.753369	1.54909801	6.87374211e-07	0.00204217434	5.76353614e-08
340.444873	1.5488975	5.82684379e-07	0.00203055143	5.77855275e-08
342.153296	1.54870081	4.34871822e-07	0.00201922655	5.79391894e-08
343.878955	1.54850781	3.7461632e-07	0.00200802088	5.81242858e-08
345.622119	1.54831827	3.20045501e-07	0.00199717283	5.82964006e-08
347.383057	1.5481323	2.27586028e-07	0.0019865036	5.84979034e-08
349.162012	1.54794979	1.91401583e-07	0.00197601318	5.86915583e-08
350.959277	1.54777038	1.27648178e-07	0.00196582079	5.88949476e-08
352.775171	1.54759419	9.65750999e-08	0.00195580721	5.91148464e-08
354.609937	1.54742122	7.40101171e-08	0.00194591284	5.9323213e-08
356.463867	1.54725134	5.97976779e-08	0.00193619728	5.95479577e-08
358.337305	1.54708421	2.12219984e-08	0.00192677975	5.97719847e-08
360.230566	1.54692018	1.16910774e-08	0.00191742182	6.00127024e-08
362.143896	1.54675865	-9.53506341e-09	0.00190842152	6.02471673e-08
364.077661	1.54659998	-2.84192527e-08	0.00189948082	6.05061388e-08
366.032227	1.54644406	-4.17355537e-08	0.00189071894	6.07319777e-08
368.007861	1.54629052	-5.30711866e-08	0.00188219547	6.10006978e-08
370.004932	1.5461396	-5.263745e-08	0.00187379122	6.12599678e-08
372.023804	1.54599106	-4.15399981e-08	0.00186550617	6.15269187e-08
374.064819	1.54584491	-5.74794932e-08	0.00185739994	6.17842844e-08
376.128394	1.54570115	-3.50065754e-08	0.00184947252	6.20642595e-08
378.214819	1.54555953	-5.62918139e-08	0.00184172392	6.23452578e-08
380.324561	1.54542029	-4.49960567e-08	0.00183403492	6.26132319e-08
382.457935	1.5452832	-5.15017931e-08	0.00182658434	6.3059133e-08
384.615381	1.54514802	-5.93174754e-08	0.00181919336	6.33687449e-08
386.797314	1.54501498	-7.81833123e-08	0.00181204081	6.36548236e-08
389.004126	1.54488397	-8.51802042e-08	0.00180488825	6.37749551e-08
391.236304	1.54475486	-1.00857029e-07	0.00179797411	6.40794866e-08
393.494214	1.54462779	-1.11816782e-07	0.00179111958	6.43774314e-08
395.778394	1.54450226	-1.18528092e-07	0.00178462267	6.46823324e-08
398.089185	1.54437888	-1.14956606e-07	0.00177800655	6.50169767e-08
400.427124	1.54425716	-1.13959835e-07	0.00177150965	6.53510881e-08
402.7927	1.54413712	-1.22707092e-07	0.00176531076	6.56841479e-08
405.186377	1.54401898	-1.25813628e-07	0.00175893307	6.59887931e-08
407.608691	1.54390228	-1.26060101e-07	0.001752913	6.61571207e-08
410.060156	1.54378712	-1.40292371e-07	0.00174701214	6.6514616e-08
412.54126	1.54367375	-1.24719293e-07	0.00174117088	6.68598261e-08
415.052539	1.54356194	-1.39873976e-07	0.00173532963	6.72072531e-08
417.594678	1.54345131	-1.38695427e-07	0.00172990561	6.77275054e-08
420.168066	1.54334259	-1.34565624e-07	0.00172424316	6.81037733e-08
422.773389	1.54323506	-1.16729701e-07	0.00171881914	6.84766519e-08
425.41123	1.54312897	-1.21881726e-07	0.00171345472	6.88467452e-08
428.082178	1.54302418	-1.31159268e-07	0.00170832872	6.92215778e-08
430.786865	1.54292083	-1.2467288e-07	0.00170320272	6.96235389e-08
433.526025	1.54281878	-1.33051799e-07	0.00169819593	7.00090368e-08
436.300195	1.54271793	-1.33954288e-07	0.00169330835	7.03996434e-08
439.110059	1.54261851	-1.3267659e-07	0.00168848038	7.08098682e-08
441.956396	1.54252005	-1.35323361e-07	0.00168383121	7.12208745e-08
444.839893	1.54242313	-1.47790516e-07	0.00167918205	7.16315824e-08
447.761182	1.54232717	-1.32560757e-07	0.0016746521	7.20554993e-08
450.721143	1.54223239	-1.42623307e-07	0.00167024136	7.42357642e-08
453.720508	1.5421387	-1.57223326e-07	0.00166589022	7.30268113e-08
456.760059	1.54204631	-1.50923967e-07	0.00166159868	7.34355865e-08
459.840576	1.54195476	-1.49819726e-07	0.00165748596	7.38484829e-08
462.962939	1.5418644	-1.71026997e-07	0.00165343285	7.42684492e-08
466.128027	1.54177511	-1.60869433e-07	0.00164937973	7.47198641e-08
469.33667	1.54168677	-1.6614753e-07	0.00164550543	7.69927411e-08
472.589746	1.54159927	-1.67874632e-07	0.00164169073	7.74740343e-08
475.88833	1.54151297	-1.65451254e-07	0.00163799524	7.62528529e-08
479.233252	1.54142749	-1.82009643e-07	0.00163435936	7.67070247e-08
482.625488	1.54134297	-1.74126612e-07	0.00163072348	7.71919915e-08
486.066113	1.54125917	-1.60356223e-07	0.00162732601	7.76928744e-08
489.556104	1.54117644	-1.74488775e-07	0.00162392855	7.81946312e-08
493.096631	1.54109466	-1.81012624e-07	0.00162053108	7.8726579e-08
496.688721	1.5410136	-1.76669388e-07	0.00161731243	7.92619446e-08
500.333545	1.54093337	-1.7472361e-07	0.00161421299	7.98161537e-08
504.032275	1.54085386	-1.74631992e-07	0.00161123276	8.03778732e-08
507.786035	1.5407753	-1.79617928e-07	0.00160819292	8.09221916e-08
511.596191	1.54069746	-1.89116207e-07	0.00160527229	8.15033161e-08
515.463916	1.54062045	-1.93323075e-07	0.00160241127	8.20727166e-08
519.390576	1.54054403	-2.07714365e-07	0.00159966946	8.26603141e-08
523.377539	1.54046834	-1.98385607e-07	0.00159704685	8.32664568e-08
527.426172	1.54039347	-1.93653264e-07	0.00159442425	8.38966159e-08
531.537939	1.5403192	-1.98928859e-07	0.00159192085	8.45007833e-08
535.714258	1.54024565	-2.05814047e-07	0.00158941746	8.51428439e-08
539.956738	1.5401727	-2.12271374e-07	0.00158715248	8.57899494e-08
544.267041	1.54010034	-1.98727065e-07	0.0015848875	8.64460787e-08
548.646631	1.54002869	-2.10718227e-07	0.00158268213	8.71213857e-08
553.097266	1.53995764	-2.16067377e-07	0.00158053637	8.77982416e-08
557.620752	1.53988719	-2.10451205e-07	0.00157850981	8.84981048e-08
562.218848	1.53981721	-2.09908336e-07	0.00157666206	8.91856473e-08
566.893408	1.53974795	-2.17536979e-07	0.00157469511	8.98905768e-08
571.646387	1.53967917	-2.02470758e-07	0.00157290697	9.06326747e-08
576.47959	1.53961086	-2.07688245e-07	0.00157123804	9.13888627e-08
581.39541	1.53954315	-1.97976846e-07	0.00156962872	9.21413772e-08
586.395654	1.53947592	-1.98203196e-07	0.00156807899	9.29020842e-08
591.482617	1.53940916	-1.95144807e-07	0.00156664848	9.36820967e-08
596.658643	1.53934288	-1.86229599e-07	0.00156521797	9.45111154e-08
601.926172	1.53927708	-1.80715247e-07	0.00156390667	9.53483763e-08
607.287402	1.53921175	-1.85800573e-07	0.00156271458	9.61587503e-08
612.74502	1.53914678	-1.82542848e-07	0.00156164169	9.70028324e-08
618.30166	1.53908217	-1.70379522e-07	0.00156062841	9.78581696e-08
623.960059	1.53901803	-1.69555136e-07	0.00155967474	9.87384823e-08
629.7229	1.53895426	-1.74091525e-07	0.00155884027	9.96440832e-08
635.593262	1.53889084	-1.69654996e-07	0.00155812502	1.00576351e-07
641.573975	1.53882778	-1.64070116e-07	0.00155752897	1.01517529e-07
647.668408	1.53876531	-1.67336509e-07	0.00155681372	1.0247264e-07
653.879688	1.53870285	-1.54589202e-07	0.00155633688	1.03432612e-07
660.211279	1.53864086	-1.55305912e-07	0.00155597925	1.04448588e-07
666.66665	1.53857899	-1.50946079e-07	0.00155574083	1.0547042e-07
673.249463	1.53851748	-1.44041266e-07	0.00155556202	1.06506612e-07
679.963672	1.5384562	-1.4320851e-07	0.00155550241	1.0757433e-07
686.813086	1.53839529	-1.41259548e-07	0.00155544281	1.08671976e-07
693.802002	1.53833449	-1.35009998e-07	0.00155568123	1.09784565e-07
700.934473	1.53827405	-1.24328011e-07	0.00155586004	1.10917696e-07
708.215234	1.53821361	-1.3114186e-07	0.00155627728	1.12098121e-07
715.648828	1.53815329	-1.2638732e-07	0.00155681372	1.13275952e-07
723.240137	1.53809333	-1.16996318e-07	0.00155729055	1.14535922e-07
730.994092	1.53803349	-1.11325889e-07	0.00155806541	1.15770781e-07
738.91626	1.53797376	-7.83318583e-08	0.00155889988	1.17088675e-07
747.011914	1.53791404	-8.70452865e-08	0.00155985355	1.18404373e-07
755.286963	1.53785443	-5.52564607e-08	0.00156104565	1.19812981e-07
763.747363	1.53779495	-4.14643466e-08	0.00156217813	1.21245932e-07
772.399561	1.53773534	-4.67531613e-08	0.00156366825	1.22786744e-07
781.249902	1.53767586	-2.16231388e-08	0.00156515837	1.2440843e-07
790.305518	1.53761649	-2.53170751e-09	0.00156676769	1.26185142e-07
799.573438	1.53755689	-9.25713906e-09	0.00156867504	1.28335202e-07
809.061426	1.53749728	2.94123961e-08	0.00157064199	1.31128147e-07
818.777246	1.53743768	-9.01207997e-09	0.00157272816	1.35385207e-07
828.729297	1.53737783	6.22084002e-08	0.00157517195	1.43858173e-07
838.926172	1.53731799	8.55026343e-08	0.00157761574	1.64223735e-07
849.377148	1.53725779	8.98697223e-08	0.00158035755	2.07560419e-07
860.091699	1.53719759	2.09035367e-08	0.00158321857	2.41505091e-07
871.080176	1.53713703	1.12238695e-07	0.00158631802	1.38474093e-07
882.352832	1.53707623	1.22675814e-07	0.00158959627	1.40326833e-07
893.921191	1.5370152	1.21734203e-07	0.00159311295	1.42243749e-07
905.796973	1.53695381	1.39842484e-07	0.00159686804	1.44219854e-07
917.99248	1.53689194	1.44998182e-07	0.00160080194	1.46246947e-07
930.520996	1.53682959	1.41012677e-07	0.00160509348	1.48354275e-07
943.395996	1.53676701	1.08687445e-07	0.00160950422	1.50490763e-07
956.63252	1.53670359	1.03065432e-07	0.0016143322	1.52703024e-07
970.245703	1.53663993	1.16898406e-07	0.00161927938	1.54995689e-07
984.251953	1.53657556	1.17331354e-07	0.0016246438	1.57760383e-07
998.668359	1.53651023	1.78152945e-07	0.00163042545	1.6023391e-07
1013.51348	1.53644431	1.84782692e-07	0.00163638592	1.62338523e-07
1028.80645	1.53637755	1.91359604e-07	0.00164270401	1.64973784e-07
1044.56816	1.53630996	1.88249103e-07	0.00164943933	1.67657703e-07
1060.82021	1.53624141	1.86236704e-07	0.00165659189	1.7045295e-07
1077.58613	1.53617167	1.89220302e-07	0.00166416168	1.73331046e-07
1094.89033	1.53610098	1.85584298e-07	0.0016720891	1.76316945e-07
1112.75947	1.53602874	1.83623143e-07	0.00168067217	1.78977089e-07
1131.22168	1.53595531	1.80746184e-07	0.00168967247	1.82628042e-07
1150.30654	1.53588021	1.75402775e-07	0.00169920921	1.85988881e-07
1170.04688	1.53580368	1.68843698e-07	0.001709342	1.89419694e-07
1190.47617	1.53572536	1.79772911e-07	0.00172007084	1.9301757e-07
1211.63154	1.53564501	1.48655403e-07	0.00173139572	1.96362024e-07
1233.55244	1.53556275	1.4663398e-07	0.00174349546	2.00172053e-07
1256.28145	1.535478	1.14646973e-07	0.00175642967	2.04797402e-07
1279.86348	1.53539085	-7.21077669e-08	0.00177007914	2.09016804e-07
1304.34766	1.53530097	4.94513301e-08	0.00178474188	2.13475204e-07
1329.78691	1.53520787	2.30897541e-08	0.0018003583	2.18629424e-07
1356.23818	1.53511178	-3.17459126e-08	0.00181698799	2.22955805e-07
1383.76367	1.53501189	-2.10995008e-08	0.00183480978	2.28056976e-07
1412.4291	1.53490806	2.44849989e-08	0.00185382366	2.33444979e-07
1442.30732	1.53479981	-7.03943357e-08	0.00187432766	2.33538884e-07
1473.47676	1.53468668	-1.90290663e-07	0.00189626217	2.39394609e-07
1506.02383	1.53456807	-2.53023217e-07	0.00191998482	2.45612853e-07
1540.04062	1.5344435	-3.17825339e-07	0.00194549561	2.51767915e-07
1575.63027	1.53431201	-3.6749023e-07	0.00197315216	2.58848218e-07
1612.90303	1.53417313	-3.95555787e-07	0.00200307369	2.72038278e-07
1651.98203	1.53402579	-3.74381102e-07	0.00203543901	2.86378082e-07
1693.00156	1.53386867	-4.2047904e-07	0.00207090378	2.9479861e-07
1736.11113	1.5337007	-3.54086751e-07	0.00210952759	3.03948411e-07
1781.47227	1.53352022	-3.19864739e-07	0.0021520257	3.1371539e-07
1829.26758	1.53332543	-2.38850788e-07	0.00219875574	3.24226505e-07
1879.69824	1.53311419	-1.32356661e-07	0.00225043297	3.28193096e-07
1932.98945	1.53288388	-1.58516087e-07	0.00230771303	3.40093493e-07
1989.38945	1.53263104	-8.23149975e-08	0.00237178802	3.53030714e-07
2049.18066	1.53235149	9.0253161e-07	0.00244379044	3.67405505e-07
2112.67598	1.53204072	1.68711068e-07	0.00252497196	3.82643975e-07
2180.23203	1.53169167	9.0362937e-07	0.00261747837	3.99830128e-07
2252.25137	1.53129613	1.55227644e-06	0.00272381306	4.18856473e-07
2329.19258	1.53084338	1.13618569e-06	0.00284701586	4.3979378e-07
2411.5752	1.53031874	1.58381113e-06	0.00299137831	4.63589771e-07
2500.0000	1.52970171	2.71478484e-06	0.00316309929	4.91150274e-07
