n calcolato da #1,fit di n ELECTRO QUARTZ 28/1/93
  501
185.469	1.5736	0	0	0
185.821	1.573	0	0	0
186.175	1.5723	0	0	0
186.529	1.5717	0	0	0
186.885	1.571	0	0	0
187.243	1.5704	0	0	0
187.601	1.5698	0	0	0
187.962	1.5691	0	0	0
188.323	1.5685	0	0	0
188.686	1.5679	0	0	0
189.05	1.5673	0	0	0
189.416	1.5666	0	0	0
189.783	1.566	0	0	0
190.151	1.5654	0	0	0
190.521	1.5648	0	0	0
190.893	1.5642	0	0	0
191.266	1.5636	0	0	0
191.64	1.563	0	0	0
192.016	1.5624	0	0	0
192.393	1.5618	0	0	0
192.772	1.5612	0	0	0
193.152	1.5606	0	0	0
193.534	1.56	0	0	0
193.917	1.5594	0	0	0
194.302	1.5589	0	0	0
194.688	1.5583	0	0	0
195.076	1.5577	0	0	0
195.465	1.5571	0	0	0
195.856	1.5566	0	0	0
196.249	1.556	0	0	0
196.643	1.5554	0	0	0
197.039	1.5549	0	0	0
197.436	1.5543	0	0	0
197.835	1.5537	0	0	0
198.235	1.5532	0	0	0
198.637	1.5526	0	0	0
199.041	1.5521	0	0	0
199.446	1.5515	0	0	0
199.854	1.551	0	0	0
200.262	1.5504	0	0	0
200.673	1.5499	0	0	0
201.085	1.5494	0	0	0
201.498	1.5488	0	0	0
201.914	1.5483	0	0	0
202.331	1.5478	0	0	0
202.75	1.5472	0	0	0
203.171	1.5467	0	0	0
203.593	1.5462	0	0	0
204.017	1.5457	0	0	0
204.443	1.5451	0	0	0
204.871	1.5446	0	0	0
205.301	1.5441	0	0	0
205.732	1.5436	0	0	0
206.165	1.5431	0	0	0
206.6	1.5426	0	0	0
207.037	1.5421	0	0	0
207.475	1.5416	0	0	0
207.916	1.5411	0	0	0
208.358	1.5406	0	0	0
208.803	1.5401	0	0	0
209.249	1.5396	0	0	0
209.697	1.5391	0	0	0
210.147	1.5386	0	0	0
210.599	1.5381	0	0	0
211.053	1.5376	0	0	0
211.509	1.5371	0	0	0
211.966	1.5367	0	0	0
212.426	1.5362	0	0	0
212.888	1.5357	0	0	0
213.352	1.5352	0	0	0
213.818	1.5348	0	0	0
214.286	1.5343	0	0	0
214.756	1.5338	0	0	0
215.228	1.5334	0	0	0
215.702	1.5329	0	0	0
216.178	1.5324	0	0	0
216.656	1.532	0	0	0
217.137	1.5315	0	0	0
217.619	1.5311	0	0	0
218.104	1.5306	0	0	0
218.591	1.5302	0	0	0
219.08	1.5297	0	0	0
219.571	1.5293	0	0	0
220.064	1.5288	0	0	0
220.56	1.5284	0	0	0
221.058	1.5279	0	0	0
221.558	1.5275	0	0	0
222.061	1.527	0	0	0
222.565	1.5266	0	0	0
223.072	1.5262	0	0	0
223.582	1.5257	0	0	0
224.093	1.5253	0	0	0
224.607	1.5249	0	0	0
225.124	1.5245	0	0	0
225.642	1.524	0	0	0
226.164	1.5236	0	0	0
226.687	1.5232	0	0	0
227.213	1.5228	0	0	0
227.742	1.5224	0	0	0
228.272	1.5219	0	0	0
228.806	1.5215	0	0	0
229.342	1.5211	0	0	0
229.88	1.5207	0	0	0
230.421	1.5203	0	0	0
230.964	1.5199	0	0	0
231.511	1.5195	0	0	0
232.059	1.5191	0	0	0
232.61	1.5187	0	0	0
233.164	1.5183	0	0	0
233.721	1.5179	0	0	0
234.28	1.5175	0	0	0
234.842	1.5171	0	0	0
235.406	1.5167	0	0	0
235.974	1.5163	0	0	0
236.544	1.5159	0	0	0
237.116	1.5155	0	0	0
237.692	1.5151	0	0	0
238.27	1.5148	0	0	0
238.851	1.5144	0	0	0
239.436	1.514	0	0	0
240.022	1.5136	0	0	0
240.612	1.5132	0	0	0
241.205	1.5129	0	0	0
241.8	1.5125	0	0	0
242.399	1.5121	0	0	0
243.001	1.5118	0	0	0
243.605	1.5114	0	0	0
244.213	1.511	0	0	0
244.823	1.5107	0	0	0
245.437	1.5103	0	0	0
246.053	1.5099	0	0	0
246.673	1.5096	0	0	0
247.296	1.5092	0	0	0
247.922	1.5088	0	0	0
248.552	1.5085	0	0	0
249.184	1.5081	0	0	0
249.82	1.5078	0	0	0
250.459	1.5074	0	0	0
251.101	1.5071	0	0	0
251.747	1.5067	0	0	0
252.395	1.5064	0	0	0
253.048	1.506	0	0	0
253.703	1.5057	0	0	0
254.362	1.5054	0	0	0
255.025	1.505	0	0	0
255.691	1.5047	0	0	0
256.36	1.5043	0	0	0
257.033	1.504	0	0	0
257.709	1.5037	0	0	0
258.389	1.5033	0	0	0
259.073	1.503	0	0	0
259.76	1.5027	0	0	0
260.451	1.5023	0	0	0
261.146	1.502	0	0	0
261.844	1.5017	0	0	0
262.546	1.5014	0	0	0
263.252	1.501	0	0	0
263.961	1.5007	0	0	0
264.675	1.5004	0	0	0
265.392	1.5001	0	0	0
266.113	1.4997	0	0	0
266.839	1.4994	0	0	0
267.568	1.4991	0	0	0
268.301	1.4988	0	0	0
269.038	1.4985	0	0	0
269.779	1.4982	0	0	0
270.524	1.4979	0	0	0
271.274	1.4976	0	0	0
272.027	1.4973	0	0	0
272.785	1.4969	0	0	0
273.547	1.4966	0	0	0
274.313	1.4963	0	0	0
275.084	1.496	0	0	0
275.859	1.4957	0	0	0
276.638	1.4954	0	0	0
277.422	1.4951	0	0	0
278.21	1.4948	0	0	0
279.003	1.4945	0	0	0
279.8	1.4943	0	0	0
280.602	1.494	0	0	0
281.408	1.4937	0	0	0
282.219	1.4934	0	0	0
283.035	1.4931	0	0	0
283.855	1.4928	0	0	0
284.681	1.4925	0	0	0
285.511	1.4922	0	0	0
286.346	1.492	0	0	0
287.185	1.4917	0	0	0
288.03	1.4914	0	0	0
288.88	1.4911	0	0	0
289.734	1.4908	0	0	0
290.594	1.4906	0	0	0
291.459	1.4903	0	0	0
292.329	1.49	0	0	0
293.205	1.4897	0	0	0
294.085	1.4895	0	0	0
294.971	1.4892	0	0	0
295.862	1.4889	0	0	0
296.759	1.4886	0	0	0
297.661	1.4884	0	0	0
298.568	1.4881	0	0	0
299.482	1.4878	0	0	0
300.4	1.4876	0	0	0
301.325	1.4873	0	0	0
302.255	1.4871	0	0	0
303.191	1.4868	0	0	0
304.132	1.4865	0	0	0
305.08	1.4863	0	0	0
306.033	1.486	0	0	0
306.993	1.4858	0	0	0
307.958	1.4855	0	0	0
308.93	1.4853	0	0	0
309.907	1.485	0	0	0
310.891	1.4848	0	0	0
311.881	1.4845	0	0	0
312.878	1.4843	0	0	0
313.881	1.484	0	0	0
314.89	1.4838	0	0	0
315.906	1.4835	0	0	0
316.928	1.4833	0	0	0
317.957	1.483	0	0	0
318.993	1.4828	0	0	0
320.036	1.4825	0	0	0
321.085	1.4823	0	0	0
322.141	1.4821	0	0	0
323.205	1.4818	0	0	0
324.275	1.4816	0	0	0
325.352	1.4814	0	0	0
326.437	1.4811	0	0	0
327.529	1.4809	0	0	0
328.628	1.4807	0	0	0
329.734	1.4804	0	0	0
330.848	1.4802	0	0	0
331.97	1.48	0	0	0
333.099	1.4797	0	0	0
334.236	1.4795	0	0	0
335.381	1.4793	0	0	0
336.534	1.4791	0	0	0
337.694	1.4788	0	0	0
338.863	1.4786	0	0	0
340.039	1.4784	0	0	0
341.224	1.4782	0	0	0
342.418	1.4779	0	0	0
343.619	1.4777	0	0	0
344.829	1.4775	0	0	0
346.048	1.4773	0	0	0
347.275	1.4771	0	0	0
348.511	1.4769	0	0	0
349.756	1.4766	0	0	0
351.009	1.4764	0	0	0
352.272	1.4762	0	0	0
353.544	1.476	0	0	0
354.825	1.4758	0	0	0
356.115	1.4756	0	0	0
357.415	1.4754	0	0	0
358.724	1.4752	0	0	0
360.043	1.475	0	0	0
361.372	1.4748	0	0	0
362.711	1.4746	0	0	0
364.059	1.4744	0	0	0
365.418	1.4742	0	0	0
366.786	1.474	0	0	0
368.165	1.4738	0	0	0
369.555	1.4736	0	0	0
370.955	1.4734	0	0	0
372.365	1.4732	0	0	0
373.787	1.473	0	0	0
375.219	1.4728	0	0	0
376.662	1.4726	0	0	0
378.117	1.4724	0	0	0
379.582	1.4722	0	0	0
381.059	1.472	0	0	0
382.548	1.4718	0	0	0
384.048	1.4716	0	0	0
385.56	1.4714	0	0	0
387.085	1.4713	0	0	0
388.621	1.4711	0	0	0
390.169	1.4709	0	0	0
391.73	1.4707	0	0	0
393.303	1.4705	0	0	0
394.889	1.4703	0	0	0
396.488	1.4702	0	0	0
398.1	1.47	0	0	0
399.725	1.4698	0	0	0
401.364	1.4696	0	0	0
403.015	1.4694	0	0	0
404.681	1.4693	0	0	0
406.36	1.4691	0	0	0
408.054	1.4689	0	0	0
409.761	1.4687	0	0	0
411.483	1.4686	0	0	0
413.219	1.4684	0	0	0
414.97	1.4682	0	0	0
416.736	1.468	0	0	0
418.517	1.4679	0	0	0
420.314	1.4677	0	0	0
422.126	1.4675	0	0	0
423.953	1.4674	0	0	0
425.797	1.4672	0	0	0
427.656	1.467	0	0	0
429.532	1.4669	0	0	0
431.425	1.4667	0	0	0
433.334	1.4665	0	0	0
435.26	1.4664	0	0	0
437.203	1.4662	0	0	0
439.164	1.4661	0	0	0
441.142	1.4659	0	0	0
443.139	1.4657	0	0	0
445.153	1.4656	0	0	0
447.186	1.4654	0	0	0
449.237	1.4653	0	0	0
451.308	1.4651	0	0	0
453.397	1.465	0	0	0
455.506	1.4648	0	0	0
457.635	1.4647	0	0	0
459.784	1.4645	0	0	0
461.953	1.4644	0	0	0
464.143	1.4642	0	0	0
466.353	1.4641	0	0	0
468.585	1.4639	0	0	0
470.838	1.4638	0	0	0
473.112	1.4636	0	0	0
475.409	1.4635	0	0	0
477.729	1.4633	0	0	0
480.071	1.4632	0	0	0
482.436	1.463	0	0	0
484.824	1.4629	0	0	0
487.237	1.4627	0	0	0
489.673	1.4626	0	0	0
492.134	1.4625	0	0	0
494.62	1.4623	0	0	0
497.131	1.4622	0	0	0
499.668	1.4621	0	0	0
502.23	1.4619	0	0	0
504.819	1.4618	0	0	0
507.435	1.4616	0	0	0
510.079	1.4615	0	0	0
512.75	1.4614	0	0	0
515.448	1.4612	0	0	0
518.176	1.4611	0	0	0
520.933	1.461	0	0	0
523.719	1.4609	0	0	0
526.535	1.4607	0	0	0
529.381	1.4606	0	0	0
532.259	1.4605	0	0	0
535.167	1.4603	0	0	0
538.108	1.4602	0	0	0
541.082	1.4601	0	0	0
544.088	1.46	0	0	0
547.128	1.4598	0	0	0
550.202	1.4597	0	0	0
553.311	1.4596	0	0	0
556.455	1.4595	0	0	0
559.635	1.4593	0	0	0
562.852	1.4592	0	0	0
566.106	1.4591	0	0	0
569.398	1.459	0	0	0
572.728	1.4589	0	0	0
576.097	1.4588	0	0	0
579.507	1.4586	0	0	0
582.956	1.4585	0	0	0
586.448	1.4584	0	0	0
589.981	1.4583	0	0	0
593.557	1.4582	0	0	0
597.177	1.4581	0	0	0
600.841	1.458	0	0	0
604.55	1.4578	0	0	0
608.306	1.4577	0	0	0
612.108	1.4576	0	0	0
615.958	1.4575	0	0	0
619.857	1.4574	0	0	0
623.806	1.4573	0	0	0
627.806	1.4572	0	0	0
631.856	1.4571	0	0	0
635.96	1.457	0	0	0
640.117	1.4569	0	0	0
644.329	1.4568	0	0	0
648.597	1.4567	0	0	0
652.921	1.4566	0	0	0
657.304	1.4565	0	0	0
661.746	1.4564	0	0	0
666.248	1.4563	0	0	0
670.812	1.4562	0	0	0
675.439	1.4561	0	0	0
680.13	1.456	0	0	0
684.887	1.4559	0	0	0
689.711	1.4558	0	0	0
694.604	1.4557	0	0	0
699.566	1.4556	0	0	0
704.599	1.4555	0	0	0
709.706	1.4554	0	0	0
714.887	1.4553	0	0	0
720.145	1.4552	0	0	0
725.48	1.4551	0	0	0
730.895	1.455	0	0	0
736.391	1.4549	0	0	0
741.971	1.4548	0	0	0
747.636	1.4547	0	0	0
753.388	1.4546	0	0	0
759.229	1.4545	0	0	0
765.161	1.4544	0	0	0
771.187	1.4543	0	0	0
777.309	1.4542	0	0	0
783.529	1.454	0	0	0
789.848	1.4539	0	0	0
796.271	1.4538	0	0	0
802.799	1.4537	0	0	0
809.435	1.4536	0	0	0
816.181	1.4535	0	0	0
823.041	1.4533	0	0	0
830.017	1.4532	0	0	0
837.113	1.4531	0	0	0
844.331	1.453	0	0	0
851.674	1.4528	0	0	0
859.146	1.4527	0	0	0
866.751	1.4525	0	0	0
874.491	1.4524	0	0	0
882.371	1.4522	0	0	0
890.394	1.4521	0	0	0
898.565	1.4519	0	0	0
906.887	1.4518	0	0	0
915.364	1.4516	0	0	0
924.001	1.4515	0	0	0
932.803	1.4514	0	0	0
941.774	1.4513	0	0	0
950.919	1.4511	0	0	0
960.244	1.451	0	0	0
969.753	1.4509	0	0	0
979.453	1.4507	0	0	0
989.349	1.4506	0	0	0
999.446	1.4505	0	0	0
1009.75	1.4503	0	0	0
1020.27	1.4502	0	0	0
1031.01	1.45	0	0	0
1041.98	1.4499	0	0	0
1053.19	1.4498	0	0	0
1064.64	1.4496	0	0	0
1076.34	1.4495	0	0	0
1088.3	1.4493	0	0	0
1100.53	1.4492	0	0	0
1113.04	1.449	0	0	0
1125.84	1.4489	0	0	0
1138.93	1.4487	0	0	0
1152.34	1.4486	0	0	0
1166.06	1.4484	0	0	0
1180.11	1.4483	0	0	0
1194.51	1.4481	0	0	0
1209.26	1.448	0	0	0
1224.38	1.4478	0	0	0
1239.88	1.4476	0	0	0
1255.78	1.4475	0	0	0
1272.09	1.4473	0	0	0
1288.84	1.4472	0	0	0
1306.03	1.4468	0	0	0
1323.68	1.4467	0	0	0
1341.82	1.4465	0	0	0
1360.46	1.4463	0	0	0
1379.63	1.4461	0	0	0
1399.34	1.4458	0	0	0
1419.63	1.4456	0	0	0
1440.52	1.4454	0	0	0
1462.02	1.4451	0	0	0
1484.18	1.4449	0	0	0
1507.02	1.4446	0	0	0
1530.58	1.4443	0	0	0
1554.88	1.4441	0	0	0
1579.97	1.4438	0	0	0
1605.88	1.4434	0	0	0
1632.65	1.4431	0	0	0
1660.34	1.4428	0	0	0
1688.97	1.4424	0	0	0
1718.62	1.442	0	0	0
1749.32	1.4416	0	0	0
1781.14	1.4412	0	0	0
1814.13	1.4408	0	0	0
1848.38	1.4403	0	0	0
1883.94	1.4398	0	0	0
1920.89	1.4393	0	0	0
1959.33	1.4388	0	0	0
1999.33	1.4382	0	0	0
2041	1.4376	0	0	0
2084.45	1.4369	0	0	0
2129.78	1.4362	0	0	0
2177.13	1.4355	0	0	0
2226.64	1.4347	0	0	0
2278.45	1.4338	0	0	0
2332.72	1.4329	0	0	0
2389.65	1.4319	0	0	0
2449.42	1.4308	0	0	0
2512.27	1.4297	0	0	0
2578.42	1.4284	0	0	0
2648.14	1.4271	0	0	0
2721.75	1.4256	0	0	0
2799.56	1.4239	0	0	0
2881.95	1.4221	0	0	0
2969.34	1.4201	0	0	0
3062.2	1.4179	0	0	0
3161.05	1.4154	0	0	0
3266.49	1.4126	0	0	0
3379.21	1.4095	0	0	0
3500	1.406	0	0	0
