n calcolato da #1,fit di n ELECTRO QUARTZ 28/1/93
  501
185.469	1.5236	0	0	0
185.821	1.523	0	0	0
186.175	1.5223	0	0	0
186.529	1.5217	0	0	0
186.885	1.521	0	0	0
187.243	1.5204	0	0	0
187.601	1.5198	0	0	0
187.962	1.5191	0	0	0
188.323	1.5185	0	0	0
188.686	1.5179	0	0	0
189.05	1.5173	0	0	0
189.416	1.5166	0	0	0
189.783	1.516	0	0	0
190.151	1.5154	0	0	0
190.521	1.5148	0	0	0
190.893	1.5142	0	0	0
191.266	1.5136	0	0	0
191.64	1.513	0	0	0
192.016	1.5124	0	0	0
192.393	1.5118	0	0	0
192.772	1.5112	0	0	0
193.152	1.5106	0	0	0
193.534	1.51	0	0	0
193.917	1.5094	0	0	0
194.302	1.5089	0	0	0
194.688	1.5083	0	0	0
195.076	1.5077	0	0	0
195.465	1.5071	0	0	0
195.856	1.5066	0	0	0
196.249	1.506	0	0	0
196.643	1.5054	0	0	0
197.039	1.5049	0	0	0
197.436	1.5043	0	0	0
197.835	1.5037	0	0	0
198.235	1.5032	0	0	0
198.637	1.5026	0	0	0
199.041	1.5021	0	0	0
199.446	1.5015	0	0	0
199.854	1.501	0	0	0
200.262	1.5004	0	0	0
200.673	1.4999	0	0	0
201.085	1.4994	0	0	0
201.498	1.4988	0	0	0
201.914	1.4983	0	0	0
202.331	1.4978	0	0	0
202.75	1.4972	0	0	0
203.171	1.4967	0	0	0
203.593	1.4962	0	0	0
204.017	1.4957	0	0	0
204.443	1.4951	0	0	0
204.871	1.4946	0	0	0
205.301	1.4941	0	0	0
205.732	1.4936	0	0	0
206.165	1.4931	0	0	0
206.6	1.4926	0	0	0
207.037	1.4921	0	0	0
207.475	1.4916	0	0	0
207.916	1.4911	0	0	0
208.358	1.4906	0	0	0
208.803	1.4901	0	0	0
209.249	1.4896	0	0	0
209.697	1.4891	0	0	0
210.147	1.4886	0	0	0
210.599	1.4881	0	0	0
211.053	1.4876	0	0	0
211.509	1.4871	0	0	0
211.966	1.4867	0	0	0
212.426	1.4862	0	0	0
212.888	1.4857	0	0	0
213.352	1.4852	0	0	0
213.818	1.4848	0	0	0
214.286	1.4843	0	0	0
214.756	1.4838	0	0	0
215.228	1.4834	0	0	0
215.702	1.4829	0	0	0
216.178	1.4824	0	0	0
216.656	1.482	0	0	0
217.137	1.4815	0	0	0
217.619	1.4811	0	0	0
218.104	1.4806	0	0	0
218.591	1.4802	0	0	0
219.08	1.4797	0	0	0
219.571	1.4793	0	0	0
220.064	1.4788	0	0	0
220.56	1.4784	0	0	0
221.058	1.4779	0	0	0
221.558	1.4775	0	0	0
222.061	1.477	0	0	0
222.565	1.4766	0	0	0
223.072	1.4762	0	0	0
223.582	1.4757	0	0	0
224.093	1.4753	0	0	0
224.607	1.4749	0	0	0
225.124	1.4745	0	0	0
225.642	1.474	0	0	0
226.164	1.4736	0	0	0
226.687	1.4732	0	0	0
227.213	1.4728	0	0	0
227.742	1.4724	0	0	0
228.272	1.4719	0	0	0
228.806	1.4715	0	0	0
229.342	1.4711	0	0	0
229.88	1.4707	0	0	0
230.421	1.4703	0	0	0
230.964	1.4699	0	0	0
231.511	1.4695	0	0	0
232.059	1.4691	0	0	0
232.61	1.4687	0	0	0
233.164	1.4683	0	0	0
233.721	1.4679	0	0	0
234.28	1.4675	0	0	0
234.842	1.4671	0	0	0
235.406	1.4667	0	0	0
235.974	1.4663	0	0	0
236.544	1.4659	0	0	0
237.116	1.4655	0	0	0
237.692	1.4651	0	0	0
238.27	1.4648	0	0	0
238.851	1.4644	0	0	0
239.436	1.464	0	0	0
240.022	1.4636	0	0	0
240.612	1.4632	0	0	0
241.205	1.4629	0	0	0
241.8	1.4625	0	0	0
242.399	1.4621	0	0	0
243.001	1.4618	0	0	0
243.605	1.4614	0	0	0
244.213	1.461	0	0	0
244.823	1.4607	0	0	0
245.437	1.4603	0	0	0
246.053	1.4599	0	0	0
246.673	1.4596	0	0	0
247.296	1.4592	0	0	0
247.922	1.4588	0	0	0
248.552	1.4585	0	0	0
249.184	1.4581	0	0	0
249.82	1.4578	0	0	0
250.459	1.4574	0	0	0
251.101	1.4571	0	0	0
251.747	1.4567	0	0	0
252.395	1.4564	0	0	0
253.048	1.456	0	0	0
253.703	1.4557	0	0	0
254.362	1.4554	0	0	0
255.025	1.455	0	0	0
255.691	1.4547	0	0	0
256.36	1.4543	0	0	0
257.033	1.454	0	0	0
257.709	1.4537	0	0	0
258.389	1.4533	0	0	0
259.073	1.453	0	0	0
259.76	1.4527	0	0	0
260.451	1.4523	0	0	0
261.146	1.452	0	0	0
261.844	1.4517	0	0	0
262.546	1.4514	0	0	0
263.252	1.451	0	0	0
263.961	1.4507	0	0	0
264.675	1.4504	0	0	0
265.392	1.4501	0	0	0
266.113	1.4497	0	0	0
266.839	1.4494	0	0	0
267.568	1.4491	0	0	0
268.301	1.4488	0	0	0
269.038	1.4485	0	0	0
269.779	1.4482	0	0	0
270.524	1.4479	0	0	0
271.274	1.4476	0	0	0
272.027	1.4473	0	0	0
272.785	1.4469	0	0	0
273.547	1.4466	0	0	0
274.313	1.4463	0	0	0
275.084	1.446	0	0	0
275.859	1.4457	0	0	0
276.638	1.4454	0	0	0
277.422	1.4451	0	0	0
278.21	1.4448	0	0	0
279.003	1.4445	0	0	0
279.8	1.4443	0	0	0
280.602	1.444	0	0	0
281.408	1.4437	0	0	0
282.219	1.4434	0	0	0
283.035	1.4431	0	0	0
283.855	1.4428	0	0	0
284.681	1.4425	0	0	0
285.511	1.4422	0	0	0
286.346	1.442	0	0	0
287.185	1.4417	0	0	0
288.03	1.4414	0	0	0
288.88	1.4411	0	0	0
289.734	1.4408	0	0	0
290.594	1.4406	0	0	0
291.459	1.4403	0	0	0
292.329	1.44	0	0	0
293.205	1.4397	0	0	0
294.085	1.4395	0	0	0
294.971	1.4392	0	0	0
295.862	1.4389	0	0	0
296.759	1.4386	0	0	0
297.661	1.4384	0	0	0
298.568	1.4381	0	0	0
299.482	1.4378	0	0	0
300.4	1.4376	0	0	0
301.325	1.4373	0	0	0
302.255	1.4371	0	0	0
303.191	1.4368	0	0	0
304.132	1.4365	0	0	0
305.08	1.4363	0	0	0
306.033	1.436	0	0	0
306.993	1.4358	0	0	0
307.958	1.4355	0	0	0
308.93	1.4353	0	0	0
309.907	1.435	0	0	0
310.891	1.4348	0	0	0
311.881	1.4345	0	0	0
312.878	1.4343	0	0	0
313.881	1.434	0	0	0
314.89	1.4338	0	0	0
315.906	1.4335	0	0	0
316.928	1.4333	0	0	0
317.957	1.433	0	0	0
318.993	1.4328	0	0	0
320.036	1.4325	0	0	0
321.085	1.4323	0	0	0
322.141	1.4321	0	0	0
323.205	1.4318	0	0	0
324.275	1.4316	0	0	0
325.352	1.4314	0	0	0
326.437	1.4311	0	0	0
327.529	1.4309	0	0	0
328.628	1.4307	0	0	0
329.734	1.4304	0	0	0
330.848	1.4302	0	0	0
331.97	1.43	0	0	0
333.099	1.4297	0	0	0
334.236	1.4295	0	0	0
335.381	1.4293	0	0	0
336.534	1.4291	0	0	0
337.694	1.4288	0	0	0
338.863	1.4286	0	0	0
340.039	1.4284	0	0	0
341.224	1.4282	0	0	0
342.418	1.4279	0	0	0
343.619	1.4277	0	0	0
344.829	1.4275	0	0	0
346.048	1.4273	0	0	0
347.275	1.4271	0	0	0
348.511	1.4269	0	0	0
349.756	1.4266	0	0	0
351.009	1.4264	0	0	0
352.272	1.4262	0	0	0
353.544	1.426	0	0	0
354.825	1.4258	0	0	0
356.115	1.4256	0	0	0
357.415	1.4254	0	0	0
358.724	1.4252	0	0	0
360.043	1.425	0	0	0
361.372	1.4248	0	0	0
362.711	1.4246	0	0	0
364.059	1.4244	0	0	0
365.418	1.4242	0	0	0
366.786	1.424	0	0	0
368.165	1.4238	0	0	0
369.555	1.4236	0	0	0
370.955	1.4234	0	0	0
372.365	1.4232	0	0	0
373.787	1.423	0	0	0
375.219	1.4228	0	0	0
376.662	1.4226	0	0	0
378.117	1.4224	0	0	0
379.582	1.4222	0	0	0
381.059	1.422	0	0	0
382.548	1.4218	0	0	0
384.048	1.4216	0	0	0
385.56	1.4214	0	0	0
387.085	1.4213	0	0	0
388.621	1.4211	0	0	0
390.169	1.4209	0	0	0
391.73	1.4207	0	0	0
393.303	1.4205	0	0	0
394.889	1.4203	0	0	0
396.488	1.4202	0	0	0
398.1	1.42	0	0	0
399.725	1.4198	0	0	0
401.364	1.4196	0	0	0
403.015	1.4194	0	0	0
404.681	1.4193	0	0	0
406.36	1.4191	0	0	0
408.054	1.4189	0	0	0
409.761	1.4187	0	0	0
411.483	1.4186	0	0	0
413.219	1.4184	0	0	0
414.97	1.4182	0	0	0
416.736	1.418	0	0	0
418.517	1.4179	0	0	0
420.314	1.4177	0	0	0
422.126	1.4175	0	0	0
423.953	1.4174	0	0	0
425.797	1.4172	0	0	0
427.656	1.417	0	0	0
429.532	1.4169	0	0	0
431.425	1.4167	0	0	0
433.334	1.4165	0	0	0
435.26	1.4164	0	0	0
437.203	1.4162	0	0	0
439.164	1.4161	0	0	0
441.142	1.4159	0	0	0
443.139	1.4157	0	0	0
445.153	1.4156	0	0	0
447.186	1.4154	0	0	0
449.237	1.4153	0	0	0
451.308	1.4151	0	0	0
453.397	1.415	0	0	0
455.506	1.4148	0	0	0
457.635	1.4147	0	0	0
459.784	1.4145	0	0	0
461.953	1.4144	0	0	0
464.143	1.4142	0	0	0
466.353	1.4141	0	0	0
468.585	1.4139	0	0	0
470.838	1.4138	0	0	0
473.112	1.4136	0	0	0
475.409	1.4135	0	0	0
477.729	1.4133	0	0	0
480.071	1.4132	0	0	0
482.436	1.413	0	0	0
484.824	1.4129	0	0	0
487.237	1.4127	0	0	0
489.673	1.4126	0	0	0
492.134	1.4125	0	0	0
494.62	1.4123	0	0	0
497.131	1.4122	0	0	0
499.668	1.4121	0	0	0
502.23	1.4119	0	0	0
504.819	1.4118	0	0	0
507.435	1.4116	0	0	0
510.079	1.4115	0	0	0
512.75	1.4114	0	0	0
515.448	1.4112	0	0	0
518.176	1.4111	0	0	0
520.933	1.411	0	0	0
523.719	1.4109	0	0	0
526.535	1.4107	0	0	0
529.381	1.4106	0	0	0
532.259	1.4105	0	0	0
535.167	1.4103	0	0	0
538.108	1.4102	0	0	0
541.082	1.4101	0	0	0
544.088	1.41	0	0	0
547.128	1.4098	0	0	0
550.202	1.4097	0	0	0
553.311	1.4096	0	0	0
556.455	1.4095	0	0	0
559.635	1.4093	0	0	0
562.852	1.4092	0	0	0
566.106	1.4091	0	0	0
569.398	1.409	0	0	0
572.728	1.4089	0	0	0
576.097	1.4088	0	0	0
579.507	1.4086	0	0	0
582.956	1.4085	0	0	0
586.448	1.4084	0	0	0
589.981	1.4083	0	0	0
593.557	1.4082	0	0	0
597.177	1.4081	0	0	0
600.841	1.408	0	0	0
604.55	1.4078	0	0	0
608.306	1.4077	0	0	0
612.108	1.4076	0	0	0
615.958	1.4075	0	0	0
619.857	1.4074	0	0	0
623.806	1.4073	0	0	0
627.806	1.4072	0	0	0
631.856	1.4071	0	0	0
635.96	1.407	0	0	0
640.117	1.4069	0	0	0
644.329	1.4068	0	0	0
648.597	1.4067	0	0	0
652.921	1.4066	0	0	0
657.304	1.4065	0	0	0
661.746	1.4064	0	0	0
666.248	1.4063	0	0	0
670.812	1.4062	0	0	0
675.439	1.4061	0	0	0
680.13	1.406	0	0	0
684.887	1.4059	0	0	0
689.711	1.4058	0	0	0
694.604	1.4057	0	0	0
699.566	1.4056	0	0	0
704.599	1.4055	0	0	0
709.706	1.4054	0	0	0
714.887	1.4053	0	0	0
720.145	1.4052	0	0	0
725.48	1.4051	0	0	0
730.895	1.405	0	0	0
736.391	1.4049	0	0	0
741.971	1.4048	0	0	0
747.636	1.4047	0	0	0
753.388	1.4046	0	0	0
759.229	1.4045	0	0	0
765.161	1.4044	0	0	0
771.187	1.4043	0	0	0
777.309	1.4042	0	0	0
783.529	1.404	0	0	0
789.848	1.4039	0	0	0
796.271	1.4038	0	0	0
802.799	1.4037	0	0	0
809.435	1.4036	0	0	0
816.181	1.4035	0	0	0
823.041	1.4033	0	0	0
830.017	1.4032	0	0	0
837.113	1.4031	0	0	0
844.331	1.403	0	0	0
851.674	1.4028	0	0	0
859.146	1.4027	0	0	0
866.751	1.4025	0	0	0
874.491	1.4024	0	0	0
882.371	1.4022	0	0	0
890.394	1.4021	0	0	0
898.565	1.4019	0	0	0
906.887	1.4018	0	0	0
915.364	1.4016	0	0	0
924.001	1.4015	0	0	0
932.803	1.4014	0	0	0
941.774	1.4013	0	0	0
950.919	1.4011	0	0	0
960.244	1.401	0	0	0
969.753	1.4009	0	0	0
979.453	1.4007	0	0	0
989.349	1.4006	0	0	0
999.446	1.4005	0	0	0
1009.75	1.4003	0	0	0
1020.27	1.4002	0	0	0
1031.01	1.4	0	0	0
1041.98	1.3999	0	0	0
1053.19	1.3998	0	0	0
1064.64	1.3996	0	0	0
1076.34	1.3995	0	0	0
1088.3	1.3993	0	0	0
1100.53	1.3992	0	0	0
1113.04	1.399	0	0	0
1125.84	1.3989	0	0	0
1138.93	1.3987	0	0	0
1152.34	1.3986	0	0	0
1166.06	1.3984	0	0	0
1180.11	1.3983	0	0	0
1194.51	1.3981	0	0	0
1209.26	1.398	0	0	0
1224.38	1.3978	0	0	0
1239.88	1.3976	0	0	0
1255.78	1.3975	0	0	0
1272.09	1.3973	0	0	0
1288.84	1.3972	0	0	0
1306.03	1.3968	0	0	0
1323.68	1.3967	0	0	0
1341.82	1.3965	0	0	0
1360.46	1.3963	0	0	0
1379.63	1.3961	0	0	0
1399.34	1.3958	0	0	0
1419.63	1.3956	0	0	0
1440.52	1.3954	0	0	0
1462.02	1.3951	0	0	0
1484.18	1.3949	0	0	0
1507.02	1.3946	0	0	0
1530.58	1.3943	0	0	0
1554.88	1.3941	0	0	0
1579.97	1.3938	0	0	0
1605.88	1.3934	0	0	0
1632.65	1.3931	0	0	0
1660.34	1.3928	0	0	0
1688.97	1.3924	0	0	0
1718.62	1.392	0	0	0
1749.32	1.3916	0	0	0
1781.14	1.3912	0	0	0
1814.13	1.3908	0	0	0
1848.38	1.3903	0	0	0
1883.94	1.3898	0	0	0
1920.89	1.3893	0	0	0
1959.33	1.3888	0	0	0
1999.33	1.3882	0	0	0
2041	1.3876	0	0	0
2084.45	1.3869	0	0	0
2129.78	1.3862	0	0	0
2177.13	1.3855	0	0	0
2226.64	1.3847	0	0	0
2278.45	1.3838	0	0	0
2332.72	1.3829	0	0	0
2389.65	1.3819	0	0	0
2449.42	1.3808	0	0	0
2512.27	1.3797	0	0	0
2578.42	1.3784	0	0	0
2648.14	1.3771	0	0	0
2721.75	1.3756	0	0	0
2799.56	1.3739	0	0	0
2881.95	1.3721	0	0	0
2969.34	1.3701	0	0	0
3062.2	1.3679	0	0	0
3161.05	1.3654	0	0	0
3266.49	1.3626	0	0	0
3379.21	1.3595	0	0	0
3500	1.356	0	0	0
