n calcolato da #1,fit di n ELECTRO QUARTZ 28/1/93
  501
185.469	1.6236	0	0	0
185.821	1.623	0	0	0
186.175	1.6223	0	0	0
186.529	1.6217	0	0	0
186.885	1.621	0	0	0
187.243	1.6204	0	0	0
187.601	1.6198	0	0	0
187.962	1.6191	0	0	0
188.323	1.6185	0	0	0
188.686	1.6179	0	0	0
189.05	1.6173	0	0	0
189.416	1.6166	0	0	0
189.783	1.616	0	0	0
190.151	1.6154	0	0	0
190.521	1.6148	0	0	0
190.893	1.6142	0	0	0
191.266	1.6136	0	0	0
191.64	1.613	0	0	0
192.016	1.6124	0	0	0
192.393	1.6118	0	0	0
192.772	1.6112	0	0	0
193.152	1.6106	0	0	0
193.534	1.61	0	0	0
193.917	1.6094	0	0	0
194.302	1.6089	0	0	0
194.688	1.6083	0	0	0
195.076	1.6077	0	0	0
195.465	1.6071	0	0	0
195.856	1.6066	0	0	0
196.249	1.606	0	0	0
196.643	1.6054	0	0	0
197.039	1.6049	0	0	0
197.436	1.6043	0	0	0
197.835	1.6037	0	0	0
198.235	1.6032	0	0	0
198.637	1.6026	0	0	0
199.041	1.6021	0	0	0
199.446	1.6015	0	0	0
199.854	1.601	0	0	0
200.262	1.6004	0	0	0
200.673	1.5999	0	0	0
201.085	1.5994	0	0	0
201.498	1.5988	0	0	0
201.914	1.5983	0	0	0
202.331	1.5978	0	0	0
202.75	1.5972	0	0	0
203.171	1.5967	0	0	0
203.593	1.5962	0	0	0
204.017	1.5957	0	0	0
204.443	1.5951	0	0	0
204.871	1.5946	0	0	0
205.301	1.5941	0	0	0
205.732	1.5936	0	0	0
206.165	1.5931	0	0	0
206.6	1.5926	0	0	0
207.037	1.5921	0	0	0
207.475	1.5916	0	0	0
207.916	1.5911	0	0	0
208.358	1.5906	0	0	0
208.803	1.5901	0	0	0
209.249	1.5896	0	0	0
209.697	1.5891	0	0	0
210.147	1.5886	0	0	0
210.599	1.5881	0	0	0
211.053	1.5876	0	0	0
211.509	1.5871	0	0	0
211.966	1.5867	0	0	0
212.426	1.5862	0	0	0
212.888	1.5857	0	0	0
213.352	1.5852	0	0	0
213.818	1.5848	0	0	0
214.286	1.5843	0	0	0
214.756	1.5838	0	0	0
215.228	1.5834	0	0	0
215.702	1.5829	0	0	0
216.178	1.5824	0	0	0
216.656	1.582	0	0	0
217.137	1.5815	0	0	0
217.619	1.5811	0	0	0
218.104	1.5806	0	0	0
218.591	1.5802	0	0	0
219.08	1.5797	0	0	0
219.571	1.5793	0	0	0
220.064	1.5788	0	0	0
220.56	1.5784	0	0	0
221.058	1.5779	0	0	0
221.558	1.5775	0	0	0
222.061	1.577	0	0	0
222.565	1.5766	0	0	0
223.072	1.5762	0	0	0
223.582	1.5757	0	0	0
224.093	1.5753	0	0	0
224.607	1.5749	0	0	0
225.124	1.5745	0	0	0
225.642	1.574	0	0	0
226.164	1.5736	0	0	0
226.687	1.5732	0	0	0
227.213	1.5728	0	0	0
227.742	1.5724	0	0	0
228.272	1.5719	0	0	0
228.806	1.5715	0	0	0
229.342	1.5711	0	0	0
229.88	1.5707	0	0	0
230.421	1.5703	0	0	0
230.964	1.5699	0	0	0
231.511	1.5695	0	0	0
232.059	1.5691	0	0	0
232.61	1.5687	0	0	0
233.164	1.5683	0	0	0
233.721	1.5679	0	0	0
234.28	1.5675	0	0	0
234.842	1.5671	0	0	0
235.406	1.5667	0	0	0
235.974	1.5663	0	0	0
236.544	1.5659	0	0	0
237.116	1.5655	0	0	0
237.692	1.5651	0	0	0
238.27	1.5648	0	0	0
238.851	1.5644	0	0	0
239.436	1.564	0	0	0
240.022	1.5636	0	0	0
240.612	1.5632	0	0	0
241.205	1.5629	0	0	0
241.8	1.5625	0	0	0
242.399	1.5621	0	0	0
243.001	1.5618	0	0	0
243.605	1.5614	0	0	0
244.213	1.561	0	0	0
244.823	1.5607	0	0	0
245.437	1.5603	0	0	0
246.053	1.5599	0	0	0
246.673	1.5596	0	0	0
247.296	1.5592	0	0	0
247.922	1.5588	0	0	0
248.552	1.5585	0	0	0
249.184	1.5581	0	0	0
249.82	1.5578	0	0	0
250.459	1.5574	0	0	0
251.101	1.5571	0	0	0
251.747	1.5567	0	0	0
252.395	1.5564	0	0	0
253.048	1.556	0	0	0
253.703	1.5557	0	0	0
254.362	1.5554	0	0	0
255.025	1.555	0	0	0
255.691	1.5547	0	0	0
256.36	1.5543	0	0	0
257.033	1.554	0	0	0
257.709	1.5537	0	0	0
258.389	1.5533	0	0	0
259.073	1.553	0	0	0
259.76	1.5527	0	0	0
260.451	1.5523	0	0	0
261.146	1.552	0	0	0
261.844	1.5517	0	0	0
262.546	1.5514	0	0	0
263.252	1.551	0	0	0
263.961	1.5507	0	0	0
264.675	1.5504	0	0	0
265.392	1.5501	0	0	0
266.113	1.5497	0	0	0
266.839	1.5494	0	0	0
267.568	1.5491	0	0	0
268.301	1.5488	0	0	0
269.038	1.5485	0	0	0
269.779	1.5482	0	0	0
270.524	1.5479	0	0	0
271.274	1.5476	0	0	0
272.027	1.5473	0	0	0
272.785	1.5469	0	0	0
273.547	1.5466	0	0	0
274.313	1.5463	0	0	0
275.084	1.546	0	0	0
275.859	1.5457	0	0	0
276.638	1.5454	0	0	0
277.422	1.5451	0	0	0
278.21	1.5448	0	0	0
279.003	1.5445	0	0	0
279.8	1.5443	0	0	0
280.602	1.544	0	0	0
281.408	1.5437	0	0	0
282.219	1.5434	0	0	0
283.035	1.5431	0	0	0
283.855	1.5428	0	0	0
284.681	1.5425	0	0	0
285.511	1.5422	0	0	0
286.346	1.542	0	0	0
287.185	1.5417	0	0	0
288.03	1.5414	0	0	0
288.88	1.5411	0	0	0
289.734	1.5408	0	0	0
290.594	1.5406	0	0	0
291.459	1.5403	0	0	0
292.329	1.54	0	0	0
293.205	1.5397	0	0	0
294.085	1.5395	0	0	0
294.971	1.5392	0	0	0
295.862	1.5389	0	0	0
296.759	1.5386	0	0	0
297.661	1.5384	0	0	0
298.568	1.5381	0	0	0
299.482	1.5378	0	0	0
300.4	1.5376	0	0	0
301.325	1.5373	0	0	0
302.255	1.5371	0	0	0
303.191	1.5368	0	0	0
304.132	1.5365	0	0	0
305.08	1.5363	0	0	0
306.033	1.536	0	0	0
306.993	1.5358	0	0	0
307.958	1.5355	0	0	0
308.93	1.5353	0	0	0
309.907	1.535	0	0	0
310.891	1.5348	0	0	0
311.881	1.5345	0	0	0
312.878	1.5343	0	0	0
313.881	1.534	0	0	0
314.89	1.5338	0	0	0
315.906	1.5335	0	0	0
316.928	1.5333	0	0	0
317.957	1.533	0	0	0
318.993	1.5328	0	0	0
320.036	1.5325	0	0	0
321.085	1.5323	0	0	0
322.141	1.5321	0	0	0
323.205	1.5318	0	0	0
324.275	1.5316	0	0	0
325.352	1.5314	0	0	0
326.437	1.5311	0	0	0
327.529	1.5309	0	0	0
328.628	1.5307	0	0	0
329.734	1.5304	0	0	0
330.848	1.5302	0	0	0
331.97	1.53	0	0	0
333.099	1.5297	0	0	0
334.236	1.5295	0	0	0
335.381	1.5293	0	0	0
336.534	1.5291	0	0	0
337.694	1.5288	0	0	0
338.863	1.5286	0	0	0
340.039	1.5284	0	0	0
341.224	1.5282	0	0	0
342.418	1.5279	0	0	0
343.619	1.5277	0	0	0
344.829	1.5275	0	0	0
346.048	1.5273	0	0	0
347.275	1.5271	0	0	0
348.511	1.5269	0	0	0
349.756	1.5266	0	0	0
351.009	1.5264	0	0	0
352.272	1.5262	0	0	0
353.544	1.526	0	0	0
354.825	1.5258	0	0	0
356.115	1.5256	0	0	0
357.415	1.5254	0	0	0
358.724	1.5252	0	0	0
360.043	1.525	0	0	0
361.372	1.5248	0	0	0
362.711	1.5246	0	0	0
364.059	1.5244	0	0	0
365.418	1.5242	0	0	0
366.786	1.524	0	0	0
368.165	1.5238	0	0	0
369.555	1.5236	0	0	0
370.955	1.5234	0	0	0
372.365	1.5232	0	0	0
373.787	1.523	0	0	0
375.219	1.5228	0	0	0
376.662	1.5226	0	0	0
378.117	1.5224	0	0	0
379.582	1.5222	0	0	0
381.059	1.522	0	0	0
382.548	1.5218	0	0	0
384.048	1.5216	0	0	0
385.56	1.5214	0	0	0
387.085	1.5213	0	0	0
388.621	1.5211	0	0	0
390.169	1.5209	0	0	0
391.73	1.5207	0	0	0
393.303	1.5205	0	0	0
394.889	1.5203	0	0	0
396.488	1.5202	0	0	0
398.1	1.52	0	0	0
399.725	1.5198	0	0	0
401.364	1.5196	0	0	0
403.015	1.5194	0	0	0
404.681	1.5193	0	0	0
406.36	1.5191	0	0	0
408.054	1.5189	0	0	0
409.761	1.5187	0	0	0
411.483	1.5186	0	0	0
413.219	1.5184	0	0	0
414.97	1.5182	0	0	0
416.736	1.518	0	0	0
418.517	1.5179	0	0	0
420.314	1.5177	0	0	0
422.126	1.5175	0	0	0
423.953	1.5174	0	0	0
425.797	1.5172	0	0	0
427.656	1.517	0	0	0
429.532	1.5169	0	0	0
431.425	1.5167	0	0	0
433.334	1.5165	0	0	0
435.26	1.5164	0	0	0
437.203	1.5162	0	0	0
439.164	1.5161	0	0	0
441.142	1.5159	0	0	0
443.139	1.5157	0	0	0
445.153	1.5156	0	0	0
447.186	1.5154	0	0	0
449.237	1.5153	0	0	0
451.308	1.5151	0	0	0
453.397	1.515	0	0	0
455.506	1.5148	0	0	0
457.635	1.5147	0	0	0
459.784	1.5145	0	0	0
461.953	1.5144	0	0	0
464.143	1.5142	0	0	0
466.353	1.5141	0	0	0
468.585	1.5139	0	0	0
470.838	1.5138	0	0	0
473.112	1.5136	0	0	0
475.409	1.5135	0	0	0
477.729	1.5133	0	0	0
480.071	1.5132	0	0	0
482.436	1.513	0	0	0
484.824	1.5129	0	0	0
487.237	1.5127	0	0	0
489.673	1.5126	0	0	0
492.134	1.5125	0	0	0
494.62	1.5123	0	0	0
497.131	1.5122	0	0	0
499.668	1.5121	0	0	0
502.23	1.5119	0	0	0
504.819	1.5118	0	0	0
507.435	1.5116	0	0	0
510.079	1.5115	0	0	0
512.75	1.5114	0	0	0
515.448	1.5112	0	0	0
518.176	1.5111	0	0	0
520.933	1.511	0	0	0
523.719	1.5109	0	0	0
526.535	1.5107	0	0	0
529.381	1.5106	0	0	0
532.259	1.5105	0	0	0
535.167	1.5103	0	0	0
538.108	1.5102	0	0	0
541.082	1.5101	0	0	0
544.088	1.51	0	0	0
547.128	1.5098	0	0	0
550.202	1.5097	0	0	0
553.311	1.5096	0	0	0
556.455	1.5095	0	0	0
559.635	1.5093	0	0	0
562.852	1.5092	0	0	0
566.106	1.5091	0	0	0
569.398	1.509	0	0	0
572.728	1.5089	0	0	0
576.097	1.5088	0	0	0
579.507	1.5086	0	0	0
582.956	1.5085	0	0	0
586.448	1.5084	0	0	0
589.981	1.5083	0	0	0
593.557	1.5082	0	0	0
597.177	1.5081	0	0	0
600.841	1.508	0	0	0
604.55	1.5078	0	0	0
608.306	1.5077	0	0	0
612.108	1.5076	0	0	0
615.958	1.5075	0	0	0
619.857	1.5074	0	0	0
623.806	1.5073	0	0	0
627.806	1.5072	0	0	0
631.856	1.5071	0	0	0
635.96	1.507	0	0	0
640.117	1.5069	0	0	0
644.329	1.5068	0	0	0
648.597	1.5067	0	0	0
652.921	1.5066	0	0	0
657.304	1.5065	0	0	0
661.746	1.5064	0	0	0
666.248	1.5063	0	0	0
670.812	1.5062	0	0	0
675.439	1.5061	0	0	0
680.13	1.506	0	0	0
684.887	1.5059	0	0	0
689.711	1.5058	0	0	0
694.604	1.5057	0	0	0
699.566	1.5056	0	0	0
704.599	1.5055	0	0	0
709.706	1.5054	0	0	0
714.887	1.5053	0	0	0
720.145	1.5052	0	0	0
725.48	1.5051	0	0	0
730.895	1.505	0	0	0
736.391	1.5049	0	0	0
741.971	1.5048	0	0	0
747.636	1.5047	0	0	0
753.388	1.5046	0	0	0
759.229	1.5045	0	0	0
765.161	1.5044	0	0	0
771.187	1.5043	0	0	0
777.309	1.5042	0	0	0
783.529	1.504	0	0	0
789.848	1.5039	0	0	0
796.271	1.5038	0	0	0
802.799	1.5037	0	0	0
809.435	1.5036	0	0	0
816.181	1.5035	0	0	0
823.041	1.5033	0	0	0
830.017	1.5032	0	0	0
837.113	1.5031	0	0	0
844.331	1.503	0	0	0
851.674	1.5028	0	0	0
859.146	1.5027	0	0	0
866.751	1.5025	0	0	0
874.491	1.5024	0	0	0
882.371	1.5022	0	0	0
890.394	1.5021	0	0	0
898.565	1.5019	0	0	0
906.887	1.5018	0	0	0
915.364	1.5016	0	0	0
924.001	1.5015	0	0	0
932.803	1.5014	0	0	0
941.774	1.5013	0	0	0
950.919	1.5011	0	0	0
960.244	1.501	0	0	0
969.753	1.5009	0	0	0
979.453	1.5007	0	0	0
989.349	1.5006	0	0	0
999.446	1.5005	0	0	0
1009.75	1.5003	0	0	0
1020.27	1.5002	0	0	0
1031.01	1.5	0	0	0
1041.98	1.4999	0	0	0
1053.19	1.4998	0	0	0
1064.64	1.4996	0	0	0
1076.34	1.4995	0	0	0
1088.3	1.4993	0	0	0
1100.53	1.4992	0	0	0
1113.04	1.499	0	0	0
1125.84	1.4989	0	0	0
1138.93	1.4987	0	0	0
1152.34	1.4986	0	0	0
1166.06	1.4984	0	0	0
1180.11	1.4983	0	0	0
1194.51	1.4981	0	0	0
1209.26	1.498	0	0	0
1224.38	1.4978	0	0	0
1239.88	1.4976	0	0	0
1255.78	1.4975	0	0	0
1272.09	1.4973	0	0	0
1288.84	1.4972	0	0	0
1306.03	1.4968	0	0	0
1323.68	1.4967	0	0	0
1341.82	1.4965	0	0	0
1360.46	1.4963	0	0	0
1379.63	1.4961	0	0	0
1399.34	1.4958	0	0	0
1419.63	1.4956	0	0	0
1440.52	1.4954	0	0	0
1462.02	1.4951	0	0	0
1484.18	1.4949	0	0	0
1507.02	1.4946	0	0	0
1530.58	1.4943	0	0	0
1554.88	1.4941	0	0	0
1579.97	1.4938	0	0	0
1605.88	1.4934	0	0	0
1632.65	1.4931	0	0	0
1660.34	1.4928	0	0	0
1688.97	1.4924	0	0	0
1718.62	1.492	0	0	0
1749.32	1.4916	0	0	0
1781.14	1.4912	0	0	0
1814.13	1.4908	0	0	0
1848.38	1.4903	0	0	0
1883.94	1.4898	0	0	0
1920.89	1.4893	0	0	0
1959.33	1.4888	0	0	0
1999.33	1.4882	0	0	0
2041	1.4876	0	0	0
2084.45	1.4869	0	0	0
2129.78	1.4862	0	0	0
2177.13	1.4855	0	0	0
2226.64	1.4847	0	0	0
2278.45	1.4838	0	0	0
2332.72	1.4829	0	0	0
2389.65	1.4819	0	0	0
2449.42	1.4808	0	0	0
2512.27	1.4797	0	0	0
2578.42	1.4784	0	0	0
2648.14	1.4771	0	0	0
2721.75	1.4756	0	0	0
2799.56	1.4739	0	0	0
2881.95	1.4721	0	0	0
2969.34	1.4701	0	0	0
3062.2	1.4679	0	0	0
3161.05	1.4654	0	0	0
3266.49	1.4626	0	0	0
3379.21	1.4595	0	0	0
3500	1.456	0	0	0
